[11.0, 0.6934673366834171]
[0.0, 0.6934673366834171]
[3.0, 0.4020100502512563]
[0.0, 0.5025125628140703]
[4.0, 0.592964824120603]
[1.0, 0.4773869346733669]
[3.0, 0.6080402010050251]
[0.0, 0.5979899497487438]
[5.0, 0.44221105527638194]
[6.0, 0.5125628140703518]
[12.0, 0.5025125628140703]
[5.0, 0.3919597989949749]
[7.0, 0.6834170854271356]
[1.0, 0.3869346733668342]
[4.0, 0.7587939698492461]
[5.0, 0.5276381909547737]
[9.0, 0.5125628140703518]
[8.0, 0.457286432160804]
[4.0, 0.4773869346733669]
[10.0, 0.8090452261306531]
[5.0, 0.4974874371859296]
[7.0, 0.4874371859296482]
[3.0, 0.8693467336683418]
[3.0, 0.5326633165829145]
[9.0, 0.6030150753768844]
[7.0, 0.6231155778894473]
[4.0, 0.6582914572864321]
[7.0, 0.6482412060301508]
[3.0, 0.3919597989949749]
[0.0, 0.6331658291457286]
[8.0, 0.9748743718592964]
[3.0, 0.44723618090452255]
[9.0, 0.8291457286432161]
[3.0, 0.5125628140703518]
[8.0, 0.7185929648241206]
[0.0, 0.5125628140703518]
[7.0, 0.6884422110552764]
[2.0, 0.793969849246231]
[6.0, 0.628140703517588]
[0.0, 0.6231155778894473]
[1.0, 0.0]
[1.0, 0.4874371859296482]
[1.0, 0.5879396984924623]
[9.0, 0.6532663316582915]
[3.0, 0.4020100502512563]
[7.0, 0.9095477386934672]
[5.0, 0.8341708542713566]
[1.0, 0.4824120603015075]
[0.0, 0.6633165829145728]
[2.0, 0.40703517587939697]
[5.0, 0.5477386934673367]
[3.0, 0.5577889447236181]
[8.0, 0.6030150753768844]
[2.0, 0.4271356783919598]
[10.0, 0.3768844221105528]
[1.0, 0.4974874371859296]
[2.0, 0.6984924623115577]
[0.0, 0.7336683417085426]
[0.0, 0.5326633165829145]
[0.0, 0.6884422110552764]
[3.0, 0.9045226130653266]
[6.0, 0.6733668341708543]
[1.0, 0.6432160804020101]
[1.0, 0.6532663316582915]
[10.0, 0.628140703517588]
[4.0, 0.5628140703517588]
[8.0, 0.42211055276381915]
[1.0, 0.40703517587939697]
[3.0, 0.6130653266331657]
[6.0, 0.6884422110552764]
[17.0, 0.8190954773869346]
[1.0, 0.6331658291457286]
[1.0, 0.5326633165829145]
[5.0, 0.6432160804020101]
[1.0, 0.5477386934673367]
[0.0, 0.9045226130653266]
[1.0, 0.6934673366834171]
[7.0, 0.7989949748743719]
[6.0, 0.4271356783919598]
[6.0, 0.628140703517588]
[0.0, 0.8894472361809043]
[2.0, 0.542713567839196]
[0.0, 0.4874371859296482]
[2.0, 0.4170854271356784]
[2.0, 0.5326633165829145]
[2.0, 0.5025125628140703]
[2.0, 0.7889447236180904]
[2.0, 0.542713567839196]
[1.0, 0.9698492462311555]
[13.0, 0.5326633165829145]
[1.0, 0.5276381909547737]
[9.0, 0.6130653266331657]
[7.0, 0.9798994974874371]
[11.0, 0.5175879396984925]
[0.0, 0.5376884422110553]
[1.0, 0.35678391959798994]
[1.0, 0.628140703517588]
[2.0, 0.4824120603015075]
[2.0, 0.778894472361809]
[5.0, 0.6331658291457286]
[8.0, 0.7738693467336684]
[6.0, 0.8291457286432161]
[1.0, 0.8693467336683418]
[1.0, 0.628140703517588]
[2.0, 0.47236180904522607]
[3.0, 0.5778894472361809]
[8.0, 0.8994974874371859]
[5.0, 0.8341708542713566]
[11.0, 0.6030150753768844]
[0.0, 0.6331658291457286]
[6.0, 0.542713567839196]
[3.0, 0.3919597989949749]
[8.0, 0.6231155778894473]
[1.0, 0.3969849246231156]
[0.0, 0.4673366834170855]
[1.0, 0.4271356783919598]
[8.0, 0.9095477386934672]
[2.0, 0.6080402010050251]
[5.0, 0.7386934673366835]
[13.0, 0.7688442211055276]
[7.0, 0.5326633165829145]
[1.0, 0.44723618090452255]
[1.0, 0.6030150753768844]
[0.0, 0.6582914572864321]
[4.0, 0.7336683417085426]
[6.0, 0.49246231155778897]
[6.0, 0.9547738693467338]
[6.0, 0.4623115577889447]
[2.0, 0.778894472361809]
[1.0, 0.5628140703517588]
[1.0, 0.4120603015075377]
[10.0, 0.6984924623115577]
[1.0, 0.4874371859296482]
[2.0, 0.6532663316582915]
[4.0, 0.6733668341708543]
[0.0, 0.47236180904522607]
[5.0, 0.9396984924623116]
[7.0, 0.8040201005025126]
[5.0, 0.542713567839196]
[9.0, 0.6733668341708543]
[6.0, 0.4824120603015075]
[1.0, 0.5979899497487438]
[2.0, 0.6130653266331657]
[3.0, 0.5577889447236181]
[6.0, 0.7437185929648241]
[0.0, 0.5025125628140703]
[4.0, 0.7437185929648241]
[1.0, 0.3969849246231156]
[1.0, 0.6432160804020101]
[0.0, 0.6884422110552764]
[0.0, 0.507537688442211]
[5.0, 0.8442211055276381]
[1.0, 0.6432160804020101]
[2.0, 0.49246231155778897]
[1.0, 0.6231155778894473, 0.4918032786885246, 0.32323232323232326]
[0.0, 0.4673366834170855, 0.4918032786885246, 0.0]
[3.0, 0.6482412060301508, 0.5245901639344264, 0.2929292929292929]
[3.0, 0.5025125628140703, 0.5573770491803278, 0.23232323232323232]
[2.0, 0.5477386934673367, 0.7540983606557377, 0.0]
[3.0, 0.5577889447236181, 0.45901639344262296, 0.3939393939393939]
[7.0, 0.9849246231155779, 0.7377049180327869, 0.0]
[8.0, 0.6331658291457286, 0.7213114754098362, 0.3636363636363637]
[0.0, 0.5125628140703518, 0.639344262295082, 0.404040404040404]
[3.0, 0.5829145728643216, 0.6065573770491803, 0.15151515151515152]
[0.0, 0.457286432160804, 0.6557377049180327, 0.0]
[9.0, 0.8241206030150755, 0.6885245901639344, 0.21212121212121207]
[2.0, 0.5577889447236181, 0.4918032786885246, 0.0]
[0.0, 0.8391959798994975, 0.0, 0.0]
[6.0, 0.5879396984924623, 0.7868852459016393, 0.0]
[3.0, 0.5326633165829145, 0.5901639344262295, 0.0]
[3.0, 0.8190954773869346, 0.5737704918032787, 0.18181818181818185]
[7.0, 0.5979899497487438, 0.0, 0.0]
[0.0, 0.6482412060301508, 0.6557377049180327, 0.0]
[1.0, 0.7587939698492461, 0.4918032786885246, 0.0]
[7.0, 0.8944723618090451, 0.6885245901639344, 0.0]
[6.0, 0.9195979899497488, 0.7704918032786885, 0.0]
[0.0, 0.507537688442211, 0.6229508196721312, 0.0]
[0.0, 0.3919597989949749, 0.7213114754098362, 0.2929292929292929]
[0.0, 0.592964824120603, 0.5245901639344264, 0.23232323232323232]
[1.0, 0.35678391959798994, 0.39344262295081966, 0.18181818181818185]
[6.0, 0.5376884422110553, 0.7213114754098362, 0.0]
[8.0, 0.778894472361809, 0.5081967213114753, 0.26262626262626265]
[3.0, 0.4974874371859296, 0.5081967213114753, 0.19191919191919193]
[2.0, 0.4673366834170855, 0.5245901639344264, 0.32323232323232326]
[5.0, 0.6984924623115577, 0.6557377049180327, 0.35353535353535354]
[5.0, 0.8140703517587939, 0.8524590163934426, 0.0]
[4.0, 0.628140703517588, 0.5737704918032787, 0.18181818181818185]
[7.0, 0.9396984924623116, 0.4098360655737705, 0.33333333333333326]
[3.0, 0.6482412060301508, 0.7540983606557377, 0.494949494949495]
[4.0, 0.7336683417085426, 0.639344262295082, 0.0]
[2.0, 0.6180904522613065, 0.39344262295081966, 0.32323232323232326]
[1.0, 0.4874371859296482, 0.5737704918032787, 0.404040404040404]
[0.0, 0.6432160804020101, 0.5573770491803278, 0.19191919191919193]
[3.0, 0.6633165829145728, 0.6557377049180327, 0.0]
[1.0, 0.4522613065326633, 0.5081967213114753, 0.18181818181818185]
[3.0, 0.42211055276381915, 0.5901639344262295, 0.32323232323232326]
[15.0, 0.6834170854271356, 0.5737704918032787, 0.32323232323232326]
[1.0, 0.7386934673366835, 0.7704918032786885, 0.4141414141414141]
[7.0, 0.5728643216080401, 0.5245901639344264, 0.0]
[7.0, 0.628140703517588, 0.7049180327868853, 0.0]
[1.0, 0.5326633165829145, 0.6229508196721312, 0.0]
[4.0, 0.7236180904522613, 0.6721311475409836, 0.32323232323232326]
[2.0, 0.28140703517587934, 0.45901639344262296, 0.2828282828282828]
[7.0, 0.5125628140703518, 0.6065573770491803, 0.404040404040404]
[9.0, 0.5979899497487438, 0.6557377049180327, 0.35353535353535354]
[1.0, 0.4321608040201005, 0.5409836065573771, 0.5252525252525253]
[2.0, 0.6231155778894473, 0.5573770491803278, 0.2828282828282828]
[5.0, 0.4271356783919598, 0.6065573770491803, 0.2222222222222222]
[0.0, 0.5728643216080401, 0.6557377049180327, 0.3434343434343434]
[3.0, 0.7437185929648241, 0.5409836065573771, 0.25252525252525254]
[0.0, 0.4673366834170855, 0.4918032786885246, 0.25252525252525254]
[2.0, 0.542713567839196, 0.6557377049180327, 0.0]
[7.0, 0.7386934673366835, 0.6229508196721312, 0.0]
[1.0, 0.4020100502512563, 0.45081967213114754, 0.0]
[2.0, 0.6733668341708543, 0.5737704918032787, 0.0]
[7.0, 0.8994974874371859, 0.7786885245901638, 0.31313131313131315]
[4.0, 0.5728643216080401, 0.5327868852459017, 0.0]
[10.0, 0.507537688442211, 0.7049180327868853, 0.37373737373737376]
[9.0, 0.5326633165829145, 0.4262295081967213, 0.0]
[2.0, 0.42211055276381915, 0.0, 0.0]
[2.0, 0.4974874371859296, 0.5737704918032787, 0.16161616161616163]
[5.0, 0.6180904522613065, 0.6065573770491803, 0.404040404040404]
[5.0, 0.4824120603015075, 0.6065573770491803, 0.18181818181818185]
[0.0, 0.5678391959798995, 0.6229508196721312, 0.0]
[1.0, 0.8442211055276381, 0.7213114754098362, 0.2929292929292929]
[10.0, 0.4623115577889447, 0.5081967213114753, 0.0]
[6.0, 0.628140703517588, 0.639344262295082, 0.31313131313131315]
[13.0, 0.3819095477386935, 0.4918032786885246, 0.0]
[8.0, 0.5025125628140703, 0.6229508196721312, 0.0]
[7.0, 0.5376884422110553, 0.6065573770491803, 0.0]
[9.0, 0.5628140703517588, 0.6721311475409836, 0.24242424242424243]
[6.0, 0.6733668341708543, 0.6557377049180327, 0.37373737373737376]
[10.0, 0.8994974874371859, 0.5737704918032787, 0.0]
[1.0, 0.678391959798995, 0.44262295081967207, 0.0]
[5.0, 0.7236180904522613, 0.6721311475409836, 0.26262626262626265]
[1.0, 0.6984924623115577, 0.3770491803278688, 0.19191919191919193]
[4.0, 0.6130653266331657, 0.5573770491803278, 0.0]
[3.0, 0.8693467336683418, 0.639344262295082, 0.3939393939393939]
[3.0, 0.5577889447236181, 0.47540983606557374, 0.31313131313131315]
[0.0, 0.507537688442211, 0.5081967213114753, 0.0]
[6.0, 0.4020100502512563, 0.6557377049180327, 0.3636363636363637]
[6.0, 0.4974874371859296, 0.4918032786885246, 0.19191919191919193]
[5.0, 0.778894472361809, 0.6885245901639344, 0.4444444444444444]
[2.0, 0.6381909547738693, 0.3770491803278688, 0.21212121212121207]
[1.0, 0.4874371859296482, 0.5573770491803278, 0.21212121212121207]
[14.0, 0.879396984924623, 0.5081967213114753, 0.30303030303030304]
[1.0, 0.4623115577889447, 0.5081967213114753, 0.25252525252525254]
[7.0, 0.5477386934673367, 0.6557377049180327, 0.31313131313131315]
[4.0, 0.6633165829145728, 0.7049180327868853, 0.31313131313131315]
[5.0, 0.5175879396984925, 0.8852459016393441, 0.37373737373737376]
[4.0, 0.8693467336683418, 0.5737704918032787, 0.1414141414141414]
[13.0, 0.6331658291457286, 0.7377049180327869, 0.0]
[2.0, 0.3417085427135678, 0.5737704918032787, 0.32323232323232326]
[1.0, 0.5025125628140703, 0.5409836065573771, 0.2929292929292929]
[3.0, 0.6532663316582915, 0.5245901639344264, 0.0]
[1.0, 0.5175879396984925, 0.2459016393442623, 0.38383838383838387]
[4.0, 0.6381909547738693, 0.7213114754098362, 0.1111111111111111]
[2.0, 0.507537688442211, 0.47540983606557374, 0.35353535353535354]
[5.0, 0.5778894472361809, 0.8032786885245901, 0.0]
[4.0, 0.7085427135678392, 0.6065573770491803, 0.0]
[9.0, 0.9246231155778895, 0.6967213114754097, 0.15151515151515152]
[2.0, 0.5025125628140703, 0.5245901639344264, 0.23232323232323232]
[7.0, 0.7989949748743719, 0.5245901639344264, 0.0]
[8.0, 0.6030150753768844, 0.639344262295082, 0.0]
[3.0, 0.9597989949748744, 0.5573770491803278, 0.15151515151515152]
[2.0, 0.4974874371859296, 0.4262295081967213, 0.15151515151515152]
[0.0, 0.6482412060301508, 0.9016393442622951, 0.46464646464646464]
[4.0, 0.4824120603015075, 0.45901639344262296, 0.1717171717171717]
[0.0, 0.5125628140703518, 0.5245901639344264, 0.46464646464646464]
[1.0, 0.4522613065326633, 0.5081967213114753, 0.1212121212121212]
[3.0, 0.40703517587939697, 0.7049180327868853, 0.16161616161616163]
[2.0, 0.4522613065326633, 0.4918032786885246, 0.0]
[1.0, 0.35678391959798994, 0.5081967213114753, 0.0]
[1.0, 0.5829145728643216, 0.5737704918032787, 0.2828282828282828]
[0.0, 0.5477386934673367, 0.7213114754098362, 0.30303030303030304]
[8.0, 0.9447236180904521, 0.639344262295082, 0.0]
[0.0, 0.678391959798995, 0.7704918032786885, 0.46464646464646464]
[9.0, 0.28643216080402006, 0.6557377049180327, 0.37373737373737376]
[8.0, 0.5276381909547737, 0.819672131147541, 0.3636363636363637]
[10.0, 0.6482412060301508, 0.6229508196721312, 0.2828282828282828]
[1.0, 0.5979899497487438, 0.7213114754098362, 0.4141414141414141]
[3.0, 0.4824120603015075, 0.639344262295082, 0.3939393939393939]
[3.0, 0.6231155778894473, 0.6557377049180327, 0.33333333333333326]
[1.0, 0.4773869346733669, 0.6721311475409836, 0.25252525252525254]
[12.0, 0.7587939698492461, 0.5737704918032787, 0.404040404040404]
[1.0, 0.457286432160804, 0.5245901639344264, 0.24242424242424243]
[6.0, 0.8140703517587939, 0.5081967213114753, 0.0]
[7.0, 0.5025125628140703, 0.0, 0.0]
[1.0, 0.7185929648241206, 0.6885245901639344, 0.23232323232323232]
[0.0, 0.8291457286432161, 0.6229508196721312, 0.4343434343434344]
[3.0, 0.628140703517588, 0.47540983606557374, 0.0]
[0.0, 0.678391959798995, 0.5573770491803278, 0.42424242424242425]
[3.0, 0.5829145728643216, 0.0, 0.0]
[2.0, 0.5628140703517588, 0.5409836065573771, 0.2222222222222222]
[1.0, 0.5175879396984925, 0.6557377049180327, 0.1111111111111111]
[2.0, 0.4522613065326633, 0.5737704918032787, 0.1717171717171717]
[8.0, 0.628140703517588, 0.7868852459016393, 0.0]
[0.0, 0.6080402010050251, 0.5409836065573771, 0.30303030303030304]
[3.0, 0.4371859296482412, 0.4918032786885246, 0.18181818181818185]
[6.0, 0.5728643216080401, 0.0, 0.0]
[4.0, 0.6482412060301508, 0.4918032786885246, 0.1212121212121212]
[0.0, 0.9095477386934672, 0.7213114754098362, 0.4444444444444444]
[1.0, 0.6582914572864321, 0.5245901639344264, 0.1414141414141414]
[3.0, 0.30653266331658285, 0.6721311475409836, 0.2828282828282828]
[6.0, 0.6482412060301508, 0.7377049180327869, 0.0707070707070707]
[0.0, 0.4773869346733669, 0.6967213114754097, 0.25252525252525254]
[1.0, 0.5477386934673367, 0.3114754098360656, 0.18181818181818185]
[2.0, 0.5376884422110553, 0.6065573770491803, 0.30303030303030304]
[4.0, 0.6482412060301508, 0.7049180327868853, 0.202020202020202, 0.3191489361702128, 0.5230998509687035]
[8.0, 0.7587939698492461, 0.639344262295082, 0.32323232323232326, 0.24822695035460993, 0.639344262295082]
[8.0, 0.5477386934673367, 0.6229508196721312, 0.3939393939393939, 0.1347517730496454, 0.4157973174366617]
[3.0, 0.5628140703517588, 0.6065573770491803, 0.30303030303030304, 0.0, 0.4709388971684054]
[3.0, 0.8592964824120601, 0.5901639344262295, 0.33333333333333326, 0.1595744680851064, 0.49627421758569296]
[2.0, 0.9899497487437184, 0.5737704918032787, 0.4545454545454545, 0.6418439716312057, 0.4545454545454546]
[5.0, 0.6884422110552764, 0.8852459016393441, 0.0, 0.0, 0.7272727272727274]
[12.0, 0.6080402010050251, 0.639344262295082, 0.1717171717171717, 0.0, 0.3949329359165425]
[5.0, 0.5477386934673367, 0.6147540983606558, 0.26262626262626265, 0.0, 0.5365126676602088]
[10.0, 0.47236180904522607, 0.5901639344262295, 0.18181818181818185, 0.0, 0.34426229508196726]
[3.0, 0.7085427135678392, 0.0, 0.0, 0.0, 0.44709388971684055]
[4.0, 0.4522613065326633, 0.0, 0.0, 0.0, 0.4172876304023845]
[2.0, 0.879396984924623, 0.7213114754098362, 0.0, 0.0, 0.3412816691505216]
[1.0, 0.7236180904522613, 0.6721311475409836, 0.46464646464646464, 0.21276595744680848, 0.6870342771982118]
[1.0, 0.0, 0.6065573770491803, 0.202020202020202, 0.02718676122931442, 0.4128166915052161]
[0.0, 0.5125628140703518, 0.4262295081967213, 0.0, 0.0, 0.3740685543964233]
[5.0, 0.6633165829145728, 0.6557377049180327, 0.0, 0.0, 0.39940387481371087]
[1.0, 0.5879396984924623, 0.4918032786885246, 0.23232323232323232, 0.12529550827423167, 0.503725782414307]
[2.0, 0.5276381909547737, 0.47540983606557374, 0.404040404040404, 0.1111111111111111, 0.5201192250372577]
[1.0, 0.6231155778894473, 0.6065573770491803, 0.3636363636363637, 0.0, 0.4143070044709389]
[9.0, 0.36180904522613067, 0.639344262295082, 0.25252525252525254, 0.0, 0.4709388971684054]
[9.0, 0.728643216080402, 0.7213114754098362, 0.3434343434343434, 0.1950354609929078, 0.451564828614009]
[6.0, 0.7738693467336684, 0.6065573770491803, 0.32323232323232326, 0.22813238770685576, 0.436661698956781]
[1.0, 0.4170854271356784, 0.5573770491803278, 0.0, 0.0, 0.27123695976154993]
[1.0, 0.457286432160804, 0.44262295081967207, 0.25252525252525254, 0.1182033096926714, 0.37555886736214605]
[4.0, 0.6834170854271356, 0.5737704918032787, 0.0, 0.0, 0.46497764530551416]
[5.0, 0.7386934673366835, 0.639344262295082, 0.0, 0.0, 0.5022354694485843]
[1.0, 0.40703517587939697, 0.5901639344262295, 0.18181818181818185, 0.04728132387706856, 0.39642324888226527]
[5.0, 0.6834170854271356, 0.6885245901639344, 0.4141414141414141, 0.10401891252955082, 0.5216095380029807]
[2.0, 0.5778894472361809, 0.5245901639344264, 0.2222222222222222, 0.0, 0.459016393442623]
[5.0, 0.4974874371859296, 0.6065573770491803, 0.2727272727272727, 0.0, 0.4321907600596125]
[0.0, 0.7587939698492461, 0.7377049180327869, 0.46464646464646464, 0.0, 0.6274217585692996]
[3.0, 0.793969849246231, 0.5245901639344264, 0.13131313131313133, 0.45744680851063835, 0.46497764530551416]
[0.0, 0.7035175879396985, 0.5327868852459017, 0.26262626262626265, 0.1536643026004728, 0.6348733233979137]
[7.0, 0.31155778894472363, 0.639344262295082, 0.0, 0.0, 0.48584202682563343]
[0.0, 0.5376884422110553, 0.4918032786885246, 0.25252525252525254, 0.0, 0.39344262295081966]
[1.0, 0.7035175879396985, 0.6065573770491803, 0.26262626262626265, 0.21276595744680848, 0.35916542473919527]
[4.0, 0.7336683417085426, 0.7540983606557377, 0.0, 0.0, 0.46497764530551416]
[5.0, 0.0, 0.6557377049180327, 0.32323232323232326, 0.0, 0.6110283159463488]
[2.0, 0.5728643216080401, 0.5573770491803278, 0.2222222222222222, 0.0, 0.42771982116244406]
[3.0, 0.542713567839196, 0.5081967213114753, 0.24242424242424243, 0.0, 0.38748137108792846]
[6.0, 0.5728643216080401, 0.7213114754098362, 0.0, 0.0, 0.4143070044709389]
[1.0, 0.7487437185929648, 0.5573770491803278, 0.2929292929292929, 0.15011820330969267, 0.436661698956781]
[1.0, 0.5025125628140703, 0.5901639344262295, 0.1212121212121212, 0.08274231678486997, 0.3770491803278689]
[3.0, 0.6180904522613065, 0.819672131147541, 0.35353535353535354, 0.28368794326241137, 0.8539493293591655]
[2.0, 0.5025125628140703, 0.5737704918032787, 0.5252525252525253, 0.0673758865248227, 0.6035767511177348]
[10.0, 0.4522613065326633, 0.6967213114754097, 0.32323232323232326, 0.0, 0.5201192250372577]
[1.0, 0.8391959798994975, 0.6065573770491803, 0.1717171717171717, 0.1702127659574468, 0.34873323397913564]
[2.0, 0.6432160804020101, 0.5245901639344264, 0.42424242424242425, 0.0, 0.5961251862891208]
[4.0, 0.5527638190954772, 0.6229508196721312, 0.202020202020202, 0.1182033096926714, 0.4232488822652757]
[4.0, 0.4974874371859296, 0.5901639344262295, 0.1717171717171717, 0.0, 0.38152011922503726]
[0.0, 0.5879396984924623, 0.0, 0.0, 0.0, 0.503725782414307]
[1.0, 0.7185929648241206, 0.6065573770491803, 0.2222222222222222, 0.07210401891252956, 0.39046199701937406]
[1.0, 0.864321608040201, 0.5573770491803278, 0.494949494949495, 0.6843971631205673, 0.631892697466468]
[5.0, 0.4321608040201005, 0.5573770491803278, 0.2828282828282828, 0.08392434988179667, 0.45007451564828616]
[4.0, 0.5527638190954772, 0.7540983606557377, 0.0, 0.0, 0.5603576751117736]
[4.0, 0.4170854271356784, 0.7049180327868853, 0.19191919191919193, 0.0, 0.436661698956781]
[1.0, 0.5577889447236181, 0.7049180327868853, 0.19191919191919193, 0.0, 0.4485842026825634]
[1.0, 0.4773869346733669, 0.5409836065573771, 0.13131313131313133, 0.044917257683215125, 0.2921013412816692]
[2.0, 0.4170854271356784, 0.5327868852459017, 0.2828282828282828, 0.07801418439716312, 0.5484351713859911]
[2.0, 0.7336683417085426, 0.0, 0.0, 0.0, 0.4098360655737705]
[10.0, 0.542713567839196, 0.5409836065573771, 0.0, 0.0, 0.4828614008941878]
[8.0, 0.9899497487437184, 0.6065573770491803, 0.0, 0.0, 0.3859910581222057]
[0.0, 0.8291457286432161, 0.7377049180327869, 0.33333333333333326, 0.8037825059101654, 0.7794336810730252]
[1.0, 0.4371859296482412, 0.4918032786885246, 0.37373737373737376, 0.08865248226950355, 0.5543964232488824]
[1.0, 0.5678391959798995, 0.5245901639344264, 0.35353535353535354, 0.0, 0.5007451564828614]
[1.0, 0.5628140703517588, 0.6557377049180327, 0.4545454545454545, 0.15602836879432624, 0.5186289120715352]
[2.0, 0.5125628140703518, 0.7049180327868853, 0.3636363636363637, 0.14184397163120568, 0.6780923994038749]
[3.0, 0.793969849246231, 0.5737704918032787, 0.30303030303030304, 0.3877068557919622, 0.5290611028315947]
[3.0, 0.6030150753768844, 0.5737704918032787, 0.30303030303030304, 0.1595744680851064, 0.639344262295082]
[2.0, 0.6432160804020101, 0.639344262295082, 0.37373737373737376, 0.21513002364066197, 0.6453055141579732]
[1.0, 0.6984924623115577, 0.5081967213114753, 0.4141414141414141, 0.5673758865248227, 0.6065573770491804]
[2.0, 0.4371859296482412, 0.0, 0.23232323232323232, 0.0, 0.43070044709388966]
[3.0, 0.6432160804020101, 0.5901639344262295, 0.25252525252525254, 0.22458628841607564, 0.4828614008941878]
[0.0, 0.5226130653266332, 0.6229508196721312, 0.0, 0.0, 0.27421758569299554]
[4.0, 0.4974874371859296, 0.6229508196721312, 0.15151515151515152, 0.06028368794326241, 0.34575260804769004]
[8.0, 0.37185929648241206, 0.5737704918032787, 0.404040404040404, 0.05791962174940898, 0.5260804769001489]
[3.0, 0.8693467336683418, 0.6721311475409836, 0.48484848484848486, 0.549645390070922, 0.5722801788375559]
[4.0, 0.42211055276381915, 0.7377049180327869, 0.23232323232323232, 0.06619385342789598, 0.5886736214605067]
[10.0, 0.8442211055276381, 0.6065573770491803, 0.0, 0.0, 0.5663189269746647]
[1.0, 0.6331658291457286, 0.4918032786885246, 0.0, 0.0, 0.4485842026825634]
[2.0, 0.457286432160804, 0.5081967213114753, 0.0, 0.0, 0.40685543964232496]
[13.0, 0.793969849246231, 0.9344262295081968, 0.0, 0.0, 0.6304023845007451]
[0.0, 0.6733668341708543, 0.47540983606557374, 0.202020202020202, 0.3439716312056737, 0.39344262295081966]
[5.0, 0.7185929648241206, 0.639344262295082, 0.0, 0.0, 0.6706408345752609]
[6.0, 0.5226130653266332, 0.6065573770491803, 0.18181818181818185, 0.18439716312056736, 0.44560357675111767]
[9.0, 0.7839195979899498, 0.7049180327868853, 0.0, 0.0, 0.3695976154992549]
[10.0, 0.8140703517587939, 0.6885245901639344, 0.0, 0.0, 0.4128166915052161]
[11.0, 0.4271356783919598, 0.6065573770491803, 0.0, 0.0, 0.4485842026825634]
[3.0, 0.8844221105527639, 0.7049180327868853, 0.2727272727272727, 0.18439716312056736, 0.49627421758569296]
[0.0, 0.4773869346733669, 0.6557377049180327, 0.4545454545454545, 0.10874704491725767, 0.5439642324888228]
[4.0, 0.5175879396984925, 0.4918032786885246, 0.33333333333333326, 0.22695035460992907, 0.35767511177347244]
[4.0, 0.7738693467336684, 0.5901639344262295, 0.2929292929292929, 0.14893617021276595, 0.46646795827123694]
[0.0, 0.6884422110552764, 0.3278688524590164, 0.35353535353535354, 0.19858156028368795, 0.6423248882265277]
[2.0, 0.4974874371859296, 0.4918032786885246, 0.1717171717171717, 0.18912529550827423, 0.5454545454545455]
[2.0, 0.542713567839196, 0.5081967213114753, 0.32323232323232326, 0.06619385342789598, 0.37555886736214605]
[13.0, 0.5226130653266332, 0.5901639344262295, 0.0, 0.0, 0.46497764530551416]
[0.0, 0.5125628140703518, 0.6147540983606558, 0.23232323232323232, 0.0, 0.0]
[1.0, 0.44221105527638194, 0.2459016393442623, 0.42424242424242425, 0.11702127659574468, 0.819672131147541]
[1.0, 0.542713567839196, 0.4918032786885246, 0.46464646464646464, 0.21040189125295508, 0.5290611028315947]
[1.0, 1.0, 0.6229508196721312, 0.4343434343434344, 0.0, 0.639344262295082]
[3.0, 0.793969849246231, 0.6229508196721312, 0.3636363636363637, 0.2895981087470449, 0.4709388971684054]
[8.0, 0.542713567839196, 0.5737704918032787, 0.0, 0.0, 0.4545454545454546]
[6.0, 0.5778894472361809, 0.4918032786885246, 0.3939393939393939, 0.0, 0.5022354694485843]
[7.0, 0.5276381909547737, 0.0, 0.0, 0.0, 0.0]
[4.0, 0.5527638190954772, 0.5409836065573771, 0.0, 0.0, 0.47540983606557374]
[6.0, 0.5175879396984925, 0.5901639344262295, 0.32323232323232326, 0.22458628841607564, 0.5618479880774964]
[9.0, 0.728643216080402, 0.6557377049180327, 0.46464646464646464, 0.1536643026004728, 0.5648286140089419]
[1.0, 0.7185929648241206, 0.7049180327868853, 0.30303030303030304, 0.3900709219858156, 0.4485842026825634]
[2.0, 0.44723618090452255, 0.7377049180327869, 0.30303030303030304, 0.0, 0.4992548435171386]
[2.0, 0.4623115577889447, 0.5081967213114753, 0.2828282828282828, 0.0, 0.4709388971684054]
[10.0, 0.6130653266331657, 0.639344262295082, 0.31313131313131315, 0.0, 0.4113263785394933]
[2.0, 0.507537688442211, 0.47540983606557374, 0.1717171717171717, 0.3132387706855792, 0.3606557377049181]
[2.0, 0.42211055276381915, 0.4098360655737705, 0.23232323232323232, 0.08983451536643025, 0.45305514157973176]
[0.0, 0.8693467336683418, 0.639344262295082, 0.32323232323232326, 0.3132387706855792, 0.6929955290611028]
[0.0, 0.6884422110552764, 0.5573770491803278, 0.1414141414141414, 0.17494089834515367, 0.3695976154992549]
[3.0, 0.6984924623115577, 0.44262295081967207, 0.0, 0.0, 0.38152011922503726]
[11.0, 0.6934673366834171, 0.6065573770491803, 0.26262626262626265, 0.1702127659574468, 0.5380029806259315]
[3.0, 0.9396984924623116, 0.5737704918032787, 0.2222222222222222, 0.2364066193853428, 0.5424739195230999]
[4.0, 0.7236180904522613, 0.47540983606557374, 0.2828282828282828, 0.16548463356973994, 0.4396423248882266]
[0.0, 0.4321608040201005, 0.5573770491803278, 0.32323232323232326, 0.0, 0.533532041728763]
[2.0, 0.35678391959798994, 0.5737704918032787, 0.2727272727272727, 0.0, 0.4172876304023845]
[6.0, 0.457286432160804, 0.0, 0.0, 0.0, 0.44411326378539506]
[7.0, 0.8090452261306531, 0.7049180327868853, 0.0, 0.0, 0.45305514157973176]
[2.0, 0.7236180904522613, 0.47540983606557374, 0.33333333333333326, 0.1595744680851064, 0.4709388971684054]
[0.0, 0.6934673366834171, 0.4918032786885246, 0.35353535353535354, 0.19739952718676124, 0.5156482861400895]
[2.0, 0.44221105527638194, 0.47540983606557374, 0.26262626262626265, 0.018912529550827423, 0.4232488822652757]
[0.0, 0.507537688442211, 0.5245901639344264, 0.1717171717171717, 0.0, 0.3129657228017884]
[1.0, 0.6130653266331657, 0.7377049180327869, 0.5151515151515151, 0.26004728132387706, 0.7406855439642327]
[0.0, 0.7336683417085426, 0.5737704918032787, 0.0, 0.0, 0.5648286140089419]
[0.0, 0.542713567839196, 0.5573770491803278, 0.202020202020202, 0.0, 0.40685543964232496]
[2.0, 0.5326633165829145, 0.5245901639344264, 0.35353535353535354, 0.14066193853427897, 0.4545454545454546]
[8.0, 0.4773869346733669, 0.5901639344262295, 0.0, 0.0, 0.5484351713859911]
[11.0, 0.5577889447236181, 0.6885245901639344, 0.404040404040404, 0.0, 0.6974664679582713]
[9.0, 0.8241206030150755, 0.639344262295082, 0.0, 0.0, 0.488822652757079]
[0.0, 0.8994974874371859, 0.4098360655737705, 0.3636363636363637, 0.1879432624113475, 0.5633383010432191]
[10.0, 0.6482412060301508, 0.5081967213114753, 0.3636363636363637, 0.0, 0.6140089418777944]
[1.0, 0.6834170854271356, 0.6065573770491803, 0.5050505050505051, 0.24113475177304963, 0.5573770491803279]
[6.0, 0.5577889447236181, 0.5245901639344264, 0.3939393939393939, 0.0, 0.5096870342771983]
[5.0, 0.5728643216080401, 0.6065573770491803, 0.0, 0.0, 0.3710879284649777]
[0.0, 0.6180904522613065, 0.7213114754098362, 0.37373737373737376, 0.0, 0.5245901639344264]
[1.0, 0.5728643216080401, 0.5409836065573771, 0.3636363636363637, 0.2364066193853428, 0.5678092399403876]
[0.0, 0.37185929648241206, 0.4262295081967213, 0.101010101010101, 0.042553191489361694, 0.4143070044709389]
[2.0, 0.628140703517588, 0.4918032786885246, 0.202020202020202, 0.16548463356973994, 0.503725782414307]
[5.0, 0.4874371859296482, 0.6229508196721312, 0.2727272727272727, 0.0, 0.5305514157973176]
[3.0, 0.914572864321608, 0.6065573770491803, 0.0, 0.0, 0.4545454545454546]
[2.0, 0.6130653266331657, 0.4918032786885246, 0.18181818181818185, 0.12529550827423167, 0.44411326378539506]
[1.0, 0.5025125628140703, 0.5409836065573771, 0.15151515151515152, 0.06619385342789598, 0.3517138599105813]
[2.0, 0.47236180904522607, 0.6229508196721312, 0.18181818181818185, 0.07801418439716312, 0.4709388971684054]
[1.0, 0.9095477386934672, 0.5245901639344264, 0.30303030303030304, 0.21276595744680848, 0.5081967213114753]
[0.0, 0.33668341708542715, 0.6229508196721312, 0.0, 0.0, 0.6751117734724292]
[2.0, 0.4623115577889447, 0.6229508196721312, 0.202020202020202, 0.0, 0.3606557377049181]
[4.0, 0.9497487437185927, 0.9016393442622951, 0.31313131313131315, 0.0, 0.42473919523099857]
[2.0, 0.4773869346733669, 0.44262295081967207, 0.1414141414141414, 0.10401891252955082, 0.38897168405365135]
[7.0, 0.7135678391959799, 0.7377049180327869, 0.24242424242424243, 0.5673758865248227, 0.45305514157973176, 0.02134927412467976, 43.0]
[5.0, 0.5628140703517588, 0.5409836065573771, 0.0, 0.0, 0.5633383010432191, 0.07813834329632792, 41.0]
[12.0, 0.7035175879396985, 0.6967213114754097, 0.33333333333333326, 0.0, 0.5573770491803279, 0.0708795900939368, 41.0]
[5.0, 0.44221105527638194, 0.5409836065573771, 0.21212121212121207, 0.02718676122931442, 0.3636363636363637, 0.11272416737830912, 30.0]
[1.0, 0.4673366834170855, 0.45901639344262296, 0.1111111111111111, 0.0, 0.33532041728763046, 0.14474807856532879, 22.0]
[11.0, 0.678391959798995, 0.0, 0.0, 0.0, 0.7794336810730252, 0.2134927412467976, 40.0]
[0.0, 0.42211055276381915, 0.6721311475409836, 0.31313131313131315, 0.14775413711583923, 0.5692995529061103, 0.06618274978650726, 23.0]
[4.0, 0.4623115577889447, 0.6557377049180327, 0.0, 0.0, 0.6289120715350225, 0.06789069171648163, 29.0]
[11.0, 0.778894472361809, 0.6229508196721312, 0.2828282828282828, 0.17730496453900707, 0.49627421758569296, 0.544406490179334, 51.0]
[4.0, 0.5829145728643216, 0.5901639344262295, 0.1212121212121212, 0.1028368794326241, 0.32935916542473925, 0.16438941076003413, 37.0]
[1.0, 0.4974874371859296, 0.47540983606557374, 0.101010101010101, 0.0, 0.37853949329359166, 0.20196413321947052, 21.0]
[4.0, 0.7738693467336684, 0.5081967213114753, 0.31313131313131315, 0.33569739952718675, 0.488822652757079, 0.06789069171648163, 23.0]
[2.0, 0.5025125628140703, 0.5409836065573771, 0.202020202020202, 0.10638297872340424, 0.49031296572280175, 0.3368915456874466, 28.0]
[4.0, 0.3819095477386935, 0.5081967213114753, 0.0, 0.0, 0.5067064083457526, 0.13364645602049527, 25.0]
[3.0, 0.4522613065326633, 0.639344262295082, 0.0, 0.0, 0.6363636363636365, 0.20538001707941927, 21.0]
[6.0, 0.5979899497487438, 0.4098360655737705, 0.2222222222222222, 0.20803782505910165, 0.40387481371087935, 0.5294619982920581, 33.0]
[1.0, 0.6130653266331657, 0.5245901639344264, 0.32323232323232326, 0.18439716312056736, 0.5230998509687035, 0.2621690862510675, 30.0]
[9.0, 0.44723618090452255, 0.5081967213114753, 0.0, 0.0, 0.33532041728763046, 0.027327070879590087, 33.0]
[8.0, 0.9195979899497488, 0.5245901639344264, 0.0, 0.0, 0.34724292101341286, 0.2536293766011956, 32.0]
[0.0, 0.47236180904522607, 0.5737704918032787, 0.2727272727272727, 0.1359338061465721, 0.6482861400894189, 0.11485909479077712, 21.0]
[8.0, 0.6683417085427136, 0.5901639344262295, 0.0, 0.0, 0.49031296572280175, 0.08198121263877027, 39.0]
[4.0, 0.8592964824120601, 0.5901639344262295, 0.0, 0.0, 0.6497764530551416, 0.17122117847993165, 26.0]
[5.0, 0.6984924623115577, 0.5245901639344264, 0.35353535353535354, 0.16548463356973994, 0.42622950819672134, 0.1421861656703672, 26.0]
[4.0, 0.5477386934673367, 0.5245901639344264, 0.4444444444444444, 0.11702127659574468, 0.5186289120715352, 0.35311699402220326, 26.0]
[8.0, 0.5628140703517588, 0.5901639344262295, 0.0, 0.0, 0.3517138599105813, 0.32536293766011953, 58.0]
[12.0, 0.42211055276381915, 0.5901639344262295, 0.31313131313131315, 0.0, 0.4426229508196722, 0.09350982066609731, 46.0]
[2.0, 0.5628140703517588, 0.7049180327868853, 0.42424242424242425, 0.18912529550827423, 0.5722801788375559, 0.071733561058924, 28.0]
[0.0, 0.5226130653266332, 0.5245901639344264, 0.37373737373737376, 0.07565011820330969, 0.5007451564828614, 0.18445772843723313, 22.0]
[2.0, 0.7336683417085426, 0.6229508196721312, 0.35353535353535354, 0.22931442080378248, 0.5692995529061103, 0.10717335610589236, 29.0]
[8.0, 0.8391959798994975, 0.8688524590163934, 0.46464646464646464, 0.27304964539007087, 0.5603576751117736, 0.037147736976942784, 43.0]
[0.0, 0.5879396984924623, 0.5409836065573771, 0.31313131313131315, 0.2222222222222222, 0.459016393442623, 0.177198975234842, 22.0]
[6.0, 0.8341708542713566, 0.6065573770491803, 0.0, 0.0, 0.39642324888226527, 0.09649871904355249, 66.0]
[2.0, 0.7336683417085426, 0.5737704918032787, 0.38383838383838387, 0.42553191489361697, 0.4172876304023845, 0.11058923996584116, 29.0]
[0.0, 0.8994974874371859, 0.7377049180327869, 0.2727272727272727, 0.0, 0.6572280178837556, 0.2596071733561059, 23.0]
[1.0, 0.507537688442211, 0.4098360655737705, 0.15151515151515152, 0.042553191489361694, 0.3606557377049181, 0.19128949615713065, 26.0]
[2.0, 0.44221105527638194, 0.6065573770491803, 0.19191919191919193, 0.06264775413711583, 0.4321907600596125, 0.06447480785653287, 22.0]
[0.0, 0.5276381909547737, 0.5573770491803278, 0.2222222222222222, 0.0, 0.2980625931445604, 0.06746370623398805, 22.0]
[11.0, 0.6381909547738693, 0.8688524590163934, 0.0, 0.0, 0.5812220566318927, 0.047822374039282654, 51.0]
[0.0, 0.6231155778894473, 0.5737704918032787, 0.202020202020202, 0.0, 0.4083457526080477, 0.07514944491887275, 36.0]
[2.0, 0.6482412060301508, 0.6885245901639344, 0.0, 0.0, 0.4172876304023845, 0.08795900939368059, 27.0]
[0.0, 0.7085427135678392, 0.6885245901639344, 0.26262626262626265, 0.0, 0.4828614008941878, 0.15157984628522628, 22.0]
[3.0, 0.7537688442211055, 0.6229508196721312, 0.0, 0.0, 0.3129657228017884, 0.055081127241673786, 37.0]
[3.0, 0.5678391959798995, 0.4098360655737705, 0.101010101010101, 0.10047281323877068, 0.4396423248882266, 0.23398804440649015, 25.0]
[0.0, 0.5879396984924623, 0.6557377049180327, 0.31313131313131315, 0.06264775413711583, 0.6736214605067065, 0.004696840307429551, 24.0]
[3.0, 0.5678391959798995, 0.3606557377049181, 0.13131313131313133, 0.0, 0.3338301043219076, 0.026473099914602907, 22.0]
[4.0, 0.6030150753768844, 0.5573770491803278, 0.0, 0.0, 0.44113263785394946, 0.2694278394534586, 34.0]
[1.0, 0.5778894472361809, 0.5737704918032787, 0.30303030303030304, 0.11347517730496452, 0.5156482861400895, 0.19257045260461145, 32.0]
[1.0, 0.5577889447236181, 0.5081967213114753, 0.13131313131313133, 0.21513002364066197, 0.35767511177347244, 0.02561912894961572, 23.0]
[13.0, 0.5326633165829145, 0.5737704918032787, 0.0, 0.0, 0.5096870342771983, 0.07386848847139196, 52.0]
[7.0, 0.6834170854271356, 0.7377049180327869, 0.0, 0.0, 0.44560357675111767, 0.05636208368915457, 50.0]
[0.0, 0.6582914572864321, 0.5409836065573771, 0.404040404040404, 0.0, 0.511177347242921, 0.05038428693424424, 22.0]
[1.0, 0.4673366834170855, 0.5737704918032787, 0.31313131313131315, 0.0, 0.45305514157973176, 0.10119555935098204, 23.0]
[0.0, 0.6381909547738693, 0.6557377049180327, 0.37373737373737376, 0.24822695035460993, 0.5409836065573771, 0.3099914602903501, 23.0]
[4.0, 0.9899497487437184, 0.5737704918032787, 0.3939393939393939, 0.8794326241134752, 0.5469448584202682, 0.961144321093083, 31.0]
[12.0, 0.7035175879396985, 0.6721311475409836, 0.4343434343434344, 0.384160756501182, 0.5842026825633384, 0.19214346712211783, 58.0]
[1.0, 0.542713567839196, 0.7213114754098362, 0.19191919191919193, 0.0, 0.40387481371087935, 0.13748932536293765, 24.0]
[7.0, 0.7537688442211055, 0.639344262295082, 0.2929292929292929, 0.14893617021276595, 0.5245901639344264, 0.2621690862510675, 54.0]
[0.0, 0.5226130653266332, 0.5245901639344264, 0.23232323232323232, 0.13711583924349882, 0.4143070044709389, 0.16054654141759178, 23.0]
[9.0, 0.7638190954773869, 0.639344262295082, 0.3434343434343434, 0.20212765957446807, 0.5096870342771983, 0.3479931682322801, 33.0]
[1.0, 0.3969849246231156, 0.4918032786885246, 0.42424242424242425, 0.05673758865248226, 0.6482861400894189, 0.2561912894961571, 23.0]
[10.0, 0.7437185929648241, 0.6885245901639344, 0.48484848484848486, 0.2801418439716312, 0.5603576751117736, 0.3941076003415883, 51.0]
[5.0, 0.5829145728643216, 0.6065573770491803, 0.0, 0.0, 0.38152011922503726, 0.052519214346712216, 30.0]
[1.0, 0.4371859296482412, 0.639344262295082, 0.2727272727272727, 0.037825059101654845, 0.5156482861400895, 0.009820666097352687, 22.0]
[2.0, 0.3417085427135678, 0.5081967213114753, 0.13131313131313133, 0.01773049645390071, 0.2995529061102832, 0.07643040136635355, 23.0]
[6.0, 0.9748743718592964, 0.639344262295082, 0.0, 0.0, 0.35022354694485847, 0.021776259607173356, 59.0]
[5.0, 0.9497487437185927, 0.5245901639344264, 0.33333333333333326, 0.384160756501182, 0.46497764530551416, 0.2156276686592656, 29.0]
[3.0, 0.8542713567839196, 0.5245901639344264, 0.37373737373737376, 0.26595744680851063, 0.5141579731743665, 0.11870196413321948, 30.0]
[3.0, 0.6331658291457286, 0.7213114754098362, 0.4141414141414141, 0.27777777777777773, 0.5856929955290611, 0.26729291204099065, 27.0]
[1.0, 0.5829145728643216, 0.639344262295082, 0.2929292929292929, 0.21276595744680848, 0.5380029806259315, 0.1784799316823228, 25.0]
[4.0, 0.4874371859296482, 0.4918032786885246, 0.23232323232323232, 0.0, 0.4202682563338301, 0.1558497011101622, 22.0]
[9.0, 0.7035175879396985, 0.7704918032786885, 0.0, 0.0, 0.48733233979135626, 0.2801024765157985, 45.0]
[6.0, 0.0, 0.5573770491803278, 0.4141414141414141, 0.0, 0.5812220566318927, 0.27711357813834325, 41.0]
[0.0, 0.5276381909547737, 0.5245901639344264, 0.4141414141414141, 0.16784869976359337, 0.6184798807749627, 0.04056362083689155, 22.0]
[2.0, 0.40703517587939697, 0.5901639344262295, 0.15151515151515152, 0.08983451536643025, 0.4485842026825634, 0.20025619128949612, 25.0]
[3.0, 0.8492462311557789, 0.6065573770491803, 0.19191919191919193, 0.14775413711583923, 0.44560357675111767, 0.08112724167378307, 31.0]
[10.0, 0.5577889447236181, 0.5737704918032787, 0.2727272727272727, 0.0, 0.4098360655737705, 0.02690008539709649, 40.0]
[2.0, 0.7135678391959799, 0.6721311475409836, 0.18181818181818185, 0.07565011820330969, 0.3681073025335321, 0.2916310845431255, 21.0]
[6.0, 0.4020100502512563, 0.5409836065573771, 0.30303030303030304, 0.0, 0.39046199701937406, 0.10034158838599488, 41.0]
[2.0, 0.5628140703517588, 0.6147540983606558, 0.32323232323232326, 0.0, 0.5320417287630403, 0.029888983774551677, 21.0]
[4.0, 0.9246231155778895, 0.639344262295082, 0.3939393939393939, 0.32742316784869974, 0.5514157973174367, 0.07941929974380871, 31.0]
[0.0, 0.9497487437185927, 0.8524590163934426, 0.25252525252525254, 0.0, 0.511177347242921, 0.1524338172502135, 41.0]
[5.0, 0.5829145728643216, 0.6065573770491803, 0.2929292929292929, 0.0, 0.48137108792846495, 0.2485055508112724, 35.0]
[0.0, 0.9447236180904521, 0.6721311475409836, 0.1414141414141414, 0.2186761229314421, 0.4769001490312966, 0.2578992314261315, 22.0]
[0.0, 0.49246231155778897, 0.6721311475409836, 0.15151515151515152, 0.09929078014184396, 0.37555886736214605, 0.0943637916310845, 22.0]
[4.0, 0.6633165829145728, 0.0, 0.0, 0.0, 0.49031296572280175, 0.09564474807856531, 23.0]
[4.0, 0.6180904522613065, 0.6557377049180327, 0.15151515151515152, 0.20803782505910165, 0.4769001490312966, 0.1558497011101622, 34.0]
[6.0, 0.5175879396984925, 0.5409836065573771, 0.0, 0.0, 0.3621460506706409, 0.07301451750640478, 29.0]
[5.0, 0.5226130653266332, 0.6065573770491803, 0.0, 0.0, 0.4292101341281669, 0.03202391118701964, 48.0]
[9.0, 0.5628140703517588, 0.6721311475409836, 0.32323232323232326, 0.2068557919621749, 0.5096870342771983, 0.07771135781383434, 36.0]
[1.0, 0.44221105527638194, 0.639344262295082, 0.2929292929292929, 0.08983451536643025, 0.4769001490312966, 0.1225448334756618, 29.0]
[3.0, 0.5175879396984925, 0.5901639344262295, 0.30303030303030304, 0.17966903073286053, 0.4113263785394933, 0.2783945345858241, 27.0]
[4.0, 0.728643216080402, 0.6721311475409836, 0.18181818181818185, 0.0, 0.48435171385991055, 0.06703672075149443, 70.0]
[0.0, 0.6984924623115577, 0.5081967213114753, 0.1717171717171717, 0.24822695035460993, 0.32935916542473925, 0.055081127241673786, 21.0]
[4.0, 0.6180904522613065, 0.5081967213114753, 0.0, 0.0, 0.4769001490312966, 0.0631938514090521, 35.0]
[1.0, 0.7336683417085426, 0.45901639344262296, 0.0, 0.0, 0.4426229508196722, 0.20751494449188723, 29.0]
[7.0, 0.6683417085427136, 0.7213114754098362, 0.15151515151515152, 0.18321513002364065, 0.4828614008941878, 0.0785653287788215, 37.0]
[2.0, 0.6130653266331657, 0.6229508196721312, 0.2727272727272727, 0.2364066193853428, 0.5350223546944859, 0.17292912040990605, 26.0]
[9.0, 0.7839195979899498, 0.7049180327868853, 0.2828282828282828, 0.18321513002364065, 0.511177347242921, 0.47438087105038423, 42.0]
[8.0, 0.4271356783919598, 0.45081967213114754, 0.202020202020202, 0.0, 0.3636363636363637, 0.024765157984628527, 42.0]
[1.0, 0.5577889447236181, 0.7704918032786885, 0.0, 0.0, 0.488822652757079, 0.0798462852263023, 45.0]
[5.0, 0.6080402010050251, 0.5901639344262295, 0.23232323232323232, 0.13238770685579196, 0.39046199701937406, 0.07130657557643039, 30.0]
[3.0, 0.6532663316582915, 0.639344262295082, 0.23232323232323232, 0.0933806146572104, 0.4232488822652757, 0.1046114432109308, 34.0]
[2.0, 0.6130653266331657, 0.4262295081967213, 0.4343434343434344, 0.1867612293144208, 0.5394932935916543, 0.3151152860802733, 28.0]
[1.0, 0.6532663316582915, 0.5737704918032787, 0.13131313131313133, 0.12411347517730496, 0.3859910581222057, 0.1682322801024765, 22.0]
[10.0, 0.5778894472361809, 0.0, 0.0, 0.0, 0.5260804769001489, 0.02391118701964133, 29.0]
[0.0, 0.8140703517587939, 0.6229508196721312, 0.5656565656565656, 0.1182033096926714, 0.7928464977645305, 0.29077711357813835, 25.0]
[14.0, 0.5025125628140703, 0.639344262295082, 0.25252525252525254, 0.21749408983451535, 0.5454545454545455, 0.1426131511528608, 46.0]
[7.0, 0.5175879396984925, 0.5409836065573771, 0.32323232323232326, 0.0, 0.5827123695976155, 0.1135781383432963, 31.0]
[3.0, 0.8743718592964824, 0.47540983606557374, 0.2222222222222222, 0.22931442080378248, 0.49031296572280175, 0.21989752348420152, 36.0]
[4.0, 0.5879396984924623, 0.5081967213114753, 0.1212121212121212, 0.0, 0.4426229508196722, 0.1289496157130657, 30.0]
[2.0, 0.4623115577889447, 0.4262295081967213, 0.0, 0.0, 0.4485842026825634, 0.02690008539709649, 22.0]
[6.0, 0.5125628140703518, 0.7377049180327869, 0.3939393939393939, 0.0, 0.5320417287630403, 0.2544833475661828, 28.0]
[0.0, 0.6582914572864321, 0.0, 0.0, 0.0, 0.6438152011922504, 0.08198121263877027, 26.0]
[0.0, 0.5376884422110553, 0.5081967213114753, 0.30303030303030304, 0.08747044917257683, 0.5454545454545455, 0.2899231426131512, 25.0]
[13.0, 0.6482412060301508, 0.0, 0.30303030303030304, 0.0, 0.5946348733233979, 0.2096498719043552, 44.0]
[6.0, 0.4673366834170855, 0.4098360655737705, 0.30303030303030304, 0.07565011820330969, 0.42771982116244406, 0.11870196413321948, 23.0]
[11.0, 0.6834170854271356, 0.6885245901639344, 0.35353535353535354, 0.1536643026004728, 0.42175856929955297, 0.07771135781383434, 42.0]
[7.0, 0.5728643216080401, 0.5409836065573771, 0.0, 0.0, 0.488822652757079, 0.07685738684884713, 42.0]
[7.0, 0.6683417085427136, 0.6885245901639344, 0.0, 0.0, 0.5991058122205664, 0.2638770281810418, 37.0]
[7.0, 0.7638190954773869, 0.7213114754098362, 0.4444444444444444, 0.0, 0.745156482861401, 0.11058923996584116, 36.0]
[4.0, 0.4522613065326633, 0.7213114754098362, 0.4747474747474748, 0.06382978723404255, 0.5618479880774964, 0.12126387702818105, 29.0]
[4.0, 0.6432160804020101, 0.5737704918032787, 0.0, 0.0, 0.511177347242921, 0.09607173356105891, 24.0]
[0.0, 0.5276381909547737, 0.6885245901639344, 0.0, 0.0, 0.4157973174366617, 0.28309137489325364, 62.0]
[8.0, 0.3266331658291457, 0.5901639344262295, 0.23232323232323232, 0.0, 0.4769001490312966, 0.2228864218616567, 42.0]
[0.0, 0.6030150753768844, 0.6065573770491803, 0.18181818181818185, 0.07446808510638298, 0.4545454545454546, 0.08838599487617417, 26.0]
[1.0, 0.0, 0.5573770491803278, 0.35353535353535354, 0.0, 0.4769001490312966, 0.1327924850555081, 22.0]
[0.0, 0.457286432160804, 0.5573770491803278, 0.32323232323232326, 0.24822695035460993, 0.5946348733233979, 0.12937660119555935, 25.0]
[5.0, 0.6532663316582915, 0.6721311475409836, 0.0, 0.0, 0.5827123695976155, 0.37489325362937653, 37.0]
[3.0, 0.37185929648241206, 0.5573770491803278, 0.2828282828282828, 0.05319148936170213, 0.4426229508196722, 0.09180187873612296, 23.0]
[6.0, 0.4371859296482412, 0.6557377049180327, 0.0, 0.0, 0.34575260804769004, 0.002561912894961573, 32.0]
[4.0, 0.47236180904522607, 0.5327868852459017, 0.2222222222222222, 0.0, 0.3681073025335321, 0.029888983774551677, 21.0]
[1.0, 0.5376884422110553, 0.5573770491803278, 0.19191919191919193, 0.0, 0.3949329359165425, 0.037147736976942784, 24.0]
[6.0, 0.7587939698492461, 0.5081967213114753, 0.31313131313131315, 0.14184397163120568, 0.5290611028315947, 0.2621690862510675, 28.0]
[3.0, 0.4974874371859296, 0.44262295081967207, 0.19191919191919193, 0.1016548463356974, 0.38152011922503726, 0.03245089666951324, 24.0]
[0.0, 0.8140703517587939, 0.6229508196721312, 0.3636363636363637, 0.0, 0.7391952309985098, 0.1221178479931682, 26.0]
[10.0, 0.5778894472361809, 0.8032786885245901, 0.0, 0.0, 0.35767511177347244, 0.4030742954739539, 34.0]
[3.0, 0.4974874371859296, 0.6557377049180327, 0.1111111111111111, 0.07565011820330969, 0.2876304023845008, 0.08795900939368059, 30.0]
[2.0, 0.4522613065326633, 0.6557377049180327, 0.1414141414141414, 0.06501182033096926, 0.3636363636363637, 0.07301451750640478, 24.0]
[2.0, 0.542713567839196, 0.5245901639344264, 0.0, 0.0, 0.459016393442623, 0.034158838599487616, 21.0]
[2.0, 0.7085427135678392, 0.47540983606557374, 0.3434343434343434, 0.15130023640661938, 0.37853949329359166, 0.2651579846285227, 24.0]
[0.0, 0.628140703517588, 0.5573770491803278, 0.0, 0.0, 0.3681073025335321, 0.05465414175918019, 21.0]
[6.0, 0.7386934673366835, 0.6557377049180327, 0.0, 0.0, 0.4396423248882266, 0.04269854824935953, 50.0]
[2.0, 0.5276381909547737, 0.6147540983606558, 0.0, 0.0, 0.34724292101341286, 0.20580700256191287, 53.0]
[7.0, 0.7537688442211055, 0.5409836065573771, 0.42424242424242425, 0.40425531914893614, 0.5171385991058123, 0.2732707087959009, 42.0]
[4.0, 0.5577889447236181, 0.5901639344262295, 0.4747474747474748, 0.24468085106382975, 0.5529061102831595, 0.5602049530315968, 56.0]
[9.0, 0.6231155778894473, 0.5737704918032787, 0.33333333333333326, 0.475177304964539, 0.5275707898658718, 0.08710503842869342, 34.0]
[7.0, 0.40703517587939697, 0.639344262295082, 0.404040404040404, 0.05673758865248226, 0.6959761549925485, 0.07813834329632792, 42.0]
[2.0, 0.9899497487437184, 0.5737704918032787, 1.0, 0.0, 0.5171385991058123, 0.2122117847993168, 62.0]
[0.0, 0.8090452261306531, 0.4098360655737705, 0.0, 0.0, 0.3263785394932936, 0.07514944491887275, 65.0]
[1.0, 0.9849246231155779, 0.6229508196721312, 0.3636363636363637, 0.2943262411347517, 0.5439642324888228, 0.3403074295473954, 29.0]
[1.0, 0.4522613065326633, 0.5573770491803278, 0.08080808080808081, 0.0, 0.3651266766020865, 0.4526046114432109, 36.0]
[7.0, 0.8442211055276381, 0.7213114754098362, 0.42424242424242425, 0.3794326241134752, 0.5692995529061103, 0.302732707087959, 40.0]
[5.0, 0.5879396984924623, 0.7049180327868853, 0.30303030303030304, 0.12411347517730496, 0.5827123695976155, 0.07386848847139196, 42.0]
[2.0, 0.6482412060301508, 0.6065573770491803, 0.26262626262626265, 0.24231678486997635, 0.4947839046199703, 0.21904355251921437, 25.0]
[9.0, 0.7738693467336684, 0.639344262295082, 0.30303030303030304, 0.1182033096926714, 0.46050670640834573, 0.03672075149444918, 45.0]
[1.0, 0.5477386934673367, 0.4918032786885246, 0.08080808080808081, 0.21513002364066197, 0.37853949329359166, 0.3710503842869343, 21.0]
[3.0, 0.42211055276381915, 0.5573770491803278, 0.30303030303030304, 0.12529550827423167, 0.47540983606557374, 0.21904355251921437, 25.0]
[6.0, 0.9798994974874371, 0.5737704918032787, 0.0, 0.0, 0.46050670640834573, 0.10674637062339876, 31.0]
[7.0, 0.7135678391959799, 0.4918032786885246, 0.33333333333333326, 0.22458628841607564, 0.4292101341281669, 0.26003415883859954, 61.0]
[7.0, 0.5728643216080401, 0.6229508196721312, 0.1717171717171717, 0.13002364066193853, 0.35469448584202684, 0.1656703672075149, 31.0]
[7.0, 0.4170854271356784, 0.639344262295082, 0.26262626262626265, 0.08392434988179667, 0.436661698956781, 0.29419299743808713, 36.0]
[0.0, 0.9045226130653266, 0.7377049180327869, 0.26262626262626265, 0.10638297872340424, 0.5439642324888228, 0.10076857386848846, 35.0]
[1.0, 0.44723618090452255, 0.19672131147540983, 0.19191919191919193, 0.02955082742316785, 0.4143070044709389, 0.20538001707941927, 21.0]
[6.0, 0.6180904522613065, 0.5901639344262295, 0.4545454545454545, 0.2718676122931442, 0.5007451564828614, 0.27967549103330486, 34.0]
[0.0, 0.5577889447236181, 0.5327868852459017, 0.0, 0.0, 0.3666169895678093, 0.2485055508112724, 31.0]
[1.0, 0.44221105527638194, 0.5081967213114753, 0.24242424242424243, 0.052009456264775406, 0.44560357675111767, 0.14688300597779677, 23.0]
[4.0, 0.6884422110552764, 0.6885245901639344, 0.0, 0.0, 0.46497764530551416, 0.07429547395388555, 30.0]
[13.0, 0.728643216080402, 0.6721311475409836, 0.19191919191919193, 0.13002364066193853, 0.330849478390462, 0.07130657557643039, 57.0]
[8.0, 0.5527638190954772, 0.6229508196721312, 0.0, 0.0, 0.4143070044709389, 0.06789069171648163, 58.0]
[2.0, 0.4522613065326633, 0.5573770491803278, 0.42424242424242425, 0.0, 0.5692995529061103, 0.18146883005977796, 27.0]
[0.0, 0.9045226130653266, 0.639344262295082, 0.6363636363636364, 0.016548463356973995, 0.8852459016393444, 1.0, 25.0]
[0.0, 0.7386934673366835, 0.6967213114754097, 0.5454545454545454, 0.0, 0.6378539493293591, 0.12681468830059775, 24.0]
[10.0, 0.3417085427135678, 0.8688524590163934, 0.23232323232323232, 0.05791962174940898, 0.5290611028315947, 0.08838599487617417, 47.0]
[4.0, 0.5728643216080401, 0.5245901639344264, 0.0, 0.0, 0.43070044709388966, 0.020495303159692568, 24.0]
[2.0, 0.5276381909547737, 0.6557377049180327, 0.4545454545454545, 0.22576832151300236, 0.5022354694485843, 0.27028181041844573, 29.0]
[6.0, 0.7236180904522613, 0.5901639344262295, 0.2727272727272727, 0.2695035460992908, 0.5052160953800299, 0.07557643040136634, 40.0]
[2.0, 0.592964824120603, 0.6557377049180327, 0.0, 0.0, 0.639344262295082, 0.26259607173356103, 21.0]
[2.0, 0.4371859296482412, 0.47540983606557374, 0.16161616161616163, 0.06146572104018912, 0.48733233979135626, 0.03757472245943638, 25.0]
[10.0, 0.6683417085427136, 0.5573770491803278, 0.0, 0.0, 0.40238450074515647, 0.07130657557643039, 36.0]
[9.0, 0.8542713567839196, 0.6065573770491803, 0.31313131313131315, 0.0, 0.6557377049180328, 0.13877028181041842, 43.0]
[0.0, 0.5276381909547737, 0.7377049180327869, 0.0, 0.0, 0.44113263785394946, 0.05081127241673782, 46.0]
[4.0, 0.7386934673366835, 0.6065573770491803, 0.25252525252525254, 0.3463356973995272, 0.5201192250372577, 0.13108454312553372, 30.0]
[5.0, 0.5778894472361809, 0.6229508196721312, 0.0, 0.0, 0.46497764530551416, 0.11315115286080273, 44.0]
[3.0, 0.4170854271356784, 0.47540983606557374, 0.31313131313131315, 0.021276595744680847, 0.511177347242921, 0.11016225448334756, 25.0]
[2.0, 0.5628140703517588, 0.639344262295082, 0.5050505050505051, 0.16548463356973994, 0.587183308494784, 0.04141759180187873, 24.0]
[12.0, 0.44221105527638194, 0.6065573770491803, 0.404040404040404, 0.06382978723404255, 0.5260804769001489, 0.12809564474807852, 48.0]
[4.0, 0.4271356783919598, 0.47540983606557374, 0.2222222222222222, 0.05791962174940898, 0.4143070044709389, 0.0973526900085397, 28.0]
[1.0, 0.4874371859296482, 0.5245901639344264, 0.19191919191919193, 0.09692671394799054, 0.27123695976154993, 0.0943637916310845, 21.0]
[8.0, 0.9346733668341709, 0.7377049180327869, 0.35353535353535354, 0.26595744680851063, 0.5141579731743665, 0.1473099914602903, 37.0]
[6.0, 0.6231155778894473, 0.5901639344262295, 0.0, 0.0, 0.4113263785394933, 0.1238257899231426, 29.0]
[4.0, 0.457286432160804, 0.5737704918032787, 0.32323232323232326, 0.10401891252955082, 0.49329359165424747, 0.15713065755764302, 22.0]
[1.0, 0.4773869346733669, 0.6065573770491803, 0.21212121212121207, 0.08628841607565012, 0.3859910581222057, 0.25405636208368915, 36.0]
[4.0, 0.4773869346733669, 0.5245901639344264, 0.0, 0.0, 0.4769001490312966, 0.035439795046968404, 31.0]
[1.0, 0.5025125628140703, 0.6065573770491803, 0.1212121212121212, 0.05437352245862884, 0.2906110283159464, 0.030315969257045255, 28.0]
[0.0, 0.592964824120603, 0.6885245901639344, 0.4747474747474748, 0.2718676122931442, 0.6825633383010432, 0.20196413321947052, 31.0]
[1.0, 0.44723618090452255, 0.5409836065573771, 0.23232323232323232, 0.1111111111111111, 0.41877794336810736, 0.03800170794192997, 21.0]
[12.0, 0.4623115577889447, 0.5081967213114753, 0.0707070707070707, 0.30496453900709214, 0.4113263785394933, 0.36208368915456873, 44.0]
[1.0, 0.9095477386934672, 0.639344262295082, 0.42424242424242425, 0.3463356973995272, 0.5961251862891208, 0.5038428693424423, 22.0]
[1.0, 0.6080402010050251, 0.639344262295082, 0.3939393939393939, 0.08747044917257683, 0.5812220566318927, 0.07813834329632792, 28.0]
[8.0, 0.6331658291457286, 0.6065573770491803, 0.38383838383838387, 0.08865248226950355, 0.3859910581222057, 0.035866780529461996, 39.0]
[2.0, 0.5979899497487438, 0.0, 0.0, 0.0, 0.2921013412816692, 0.32194705380017086, 72.0]
[0.0, 0.4974874371859296, 0.0, 0.0, 0.0, 0.3725782414307005, 0.07472245943637917, 22.0]
[2.0, 0.4974874371859296, 0.0, 0.0, 0.0, 0.330849478390462, 0.012809564474807862, 23.0]
[5.0, 0.6834170854271356, 0.6721311475409836, 0.0, 0.0, 0.0, 0.2399658411614005, 69.0]
[0.0, 0.628140703517588, 0.7868852459016393, 0.0, 0.0, 0.33532041728763046, 0.0785653287788215, 21.0]
[8.0, 0.9849246231155779, 0.6229508196721312, 0.2929292929292929, 0.3309692671394799, 0.5588673621460507, 0.22502134927412468, 57.0]
[7.0, 0.9246231155778895, 0.6885245901639344, 0.33333333333333326, 0.0, 0.5290611028315947, 0.11827497865072584, 41.0]
[1.0, 0.6432160804020101, 0.7213114754098362, 0.3939393939393939, 0.13002364066193853, 0.5439642324888228, 0.41801878736122966, 37.0]
[4.0, 0.793969849246231, 0.639344262295082, 0.0, 0.0, 0.49031296572280175, 0.30956447480785654, 31.0]
[10.0, 0.507537688442211, 0.6229508196721312, 0.48484848484848486, 0.21276595744680848, 0.49031296572280175, 0.03970964987190436, 63.0]
[3.0, 0.4824120603015075, 0.45901639344262296, 0.3434343434343434, 0.1359338061465721, 0.3681073025335321, 0.36976942783945355, 39.0]
[8.0, 0.5376884422110553, 0.6557377049180327, 0.0, 0.0, 0.3666169895678093, 0.33219470538001705, 34.0]
[8.0, 0.592964824120603, 0.5901639344262295, 0.19191919191919193, 0.0, 0.34426229508196726, 0.5969257045260461, 46.0]
[0.0, 0.5979899497487438, 0.5409836065573771, 0.2727272727272727, 0.0, 0.5782414307004471, 0.07728437233134072, 22.0]
[2.0, 0.5628140703517588, 0.5573770491803278, 0.2222222222222222, 0.1111111111111111, 0.5081967213114753, 0.10119555935098204, 26.0]
[2.0, 0.8743718592964824, 0.7213114754098362, 0.37373737373737376, 0.14184397163120568, 0.6631892697466468, 0.2425277540563621, 24.0]
[1.0, 0.5477386934673367, 0.45901639344262296, 0.21212121212121207, 0.1595744680851064, 0.37555886736214605, 0.3223740392826644, 23.0]
[2.0, 0.5025125628140703, 0.5573770491803278, 0.25252525252525254, 0.08392434988179667, 0.5737704918032788, 0.1050384286934244, 26.0]
[3.0, 0.9698492462311555, 0.5737704918032787, 0.31313131313131315, 0.0, 0.5201192250372577, 0.06959863364645603, 25.0]
[5.0, 0.22110552763819097, 0.5081967213114753, 0.0, 0.0, 0.3725782414307005, 0.21733561058924, 36.0]
[8.0, 0.5025125628140703, 0.6065573770491803, 0.404040404040404, 0.2541371158392435, 0.587183308494784, 0.248932536293766, 43.0]
[2.0, 0.5879396984924623, 0.7377049180327869, 0.19191919191919193, 0.08392434988179667, 0.37555886736214605, 0.10034158838599488, 21.0]
[1.0, 0.592964824120603, 0.47540983606557374, 0.3636363636363637, 0.1111111111111111, 0.49627421758569296, 0.07813834329632792, 23.0]
[10.0, 0.5778894472361809, 0.0, 0.0, 0.0, 0.0, 0.07813834329632792, 30.0]
[4.0, 0.7135678391959799, 0.7049180327868853, 0.0, 0.0, 0.6557377049180328, 0.24210076857386847, 22.0]
[2.0, 0.4120603015075377, 0.4262295081967213, 0.2222222222222222, 0.1359338061465721, 0.42473919523099857, 0.6921434671221177, 25.0]
[2.0, 0.6030150753768844, 0.44262295081967207, 0.0, 0.0, 0.39940387481371087, 0.1609735269000854, 27.0]
[10.0, 0.6130653266331657, 0.5573770491803278, 0.0, 0.0, 0.46497764530551416, 0.07685738684884713, 41.0]
[7.0, 0.5326633165829145, 0.7540983606557377, 0.18181818181818185, 0.0, 0.338301043219076, 0.06703672075149443, 48.0]
[6.0, 0.5477386934673367, 0.4918032786885246, 0.2727272727272727, 0.0, 0.3725782414307005, 0.05465414175918019, 27.0]
[0.0, 0.7085427135678392, 0.0, 0.0, 0.0, 0.631892697466468, 0.05422715627668658, 29.0]
[9.0, 0.457286432160804, 0.5573770491803278, 0.0, 0.0, 0.3606557377049181, 0.05209222886421862, 58.0]
[1.0, 0.5376884422110553, 0.4098360655737705, 0.19191919191919193, 0.0, 0.42175856929955297, 0.04397950469684032, 29.0]
[4.0, 0.5778894472361809, 0.5901639344262295, 0.0, 0.0, 0.43070044709388966, 0.12724167378309137, 46.0]
[3.0, 0.6432160804020101, 0.639344262295082, 0.0, 0.0, 0.31445603576751124, 0.08112724167378307, 55.0]
[2.0, 0.3768844221105528, 0.5245901639344264, 0.24242424242424243, 0.06501182033096926, 0.4426229508196722, 0.1246797608881298, 33.0]
[5.0, 0.5879396984924623, 0.7540983606557377, 0.0, 0.0, 0.5081967213114753, 0.11058923996584116, 38.0]
[13.0, 0.7638190954773869, 0.7377049180327869, 0.33333333333333326, 0.034278959810874705, 0.39940387481371087, 0.2788215200683177, 43.0]
[9.0, 0.8592964824120601, 0.9016393442622951, 0.24242424242424243, 0.28368794326241137, 0.676602086438152, 0.2745516652433817, 54.0]
[0.0, 0.28643216080402006, 0.4918032786885246, 0.0, 0.0, 0.323397913561848, 0.28052946199829204, 67.0]
[0.0, 0.7638190954773869, 0.6721311475409836, 0.3939393939393939, 0.3215130023640662, 0.6184798807749627, 0.08198121263877027, 27.0]
[6.0, 0.4623115577889447, 0.7540983606557377, 0.0, 0.0, 0.2965722801788376, 0.04696840307429547, 28.0]
[12.0, 0.5326633165829145, 0.6557377049180327, 0.0, 0.0, 0.3517138599105813, 0.02519214346712211, 44.0]
[1.0, 0.7688442211055276, 0.6721311475409836, 0.42424242424242425, 0.5732860520094563, 0.6050670640834576, 0.26003415883859954, 23.0]
[8.0, 0.8844221105527639, 0.7377049180327869, 0.3434343434343434, 0.35460992907801414, 0.5022354694485843, 0.16609735269000853, 58.0]
[0.0, 0.9949748743718592, 0.5409836065573771, 0.32323232323232326, 0.32387706855791965, 0.6154992548435172, 0.1810418445772844, 28.0]
[7.0, 0.9748743718592964, 0.5573770491803278, 0.2828282828282828, 0.0, 0.5350223546944859, 0.284799316823228, 41.0]
[11.0, 0.7185929648241206, 0.7704918032786885, 0.33333333333333326, 0.17257683215130024, 0.5454545454545455, 0.07514944491887275, 51.0]
[1.0, 0.7889447236180904, 0.5901639344262295, 0.21212121212121207, 0.19858156028368795, 0.38152011922503726, 0.019214346712211786, 24.0]
[1.0, 0.3668341708542713, 0.4098360655737705, 0.101010101010101, 0.0, 0.34277198211624443, 0.07258753202391117, 21.0]
[1.0, 0.8241206030150755, 0.6721311475409836, 0.4343434343434344, 0.07919621749408982, 0.488822652757079, 0.11229718189581554, 50.0]
[1.0, 0.4824120603015075, 1.0, 0.0, 0.0, 0.3338301043219076, 0.055081127241673786, 27.0]
[7.0, 0.9396984924623116, 0.5573770491803278, 0.3939393939393939, 0.35933806146572106, 0.5618479880774964, 0.07514944491887275, 41.0]
[7.0, 0.47236180904522607, 0.5245901639344264, 0.25252525252525254, 0.0933806146572104, 0.49627421758569296, 0.28181041844577287, 41.0]
[5.0, 0.6231155778894473, 0.6065573770491803, 0.0, 0.0, 0.5067064083457526, 0.06063193851409052, 38.0]
[0.0, 0.42211055276381915, 0.5245901639344264, 0.2222222222222222, 0.07801418439716312, 0.533532041728763, 0.19940222032450897, 21.0]
[3.0, 0.4120603015075377, 0.5737704918032787, 0.0, 0.0, 0.31445603576751124, 0.1327924850555081, 25.0]
[3.0, 0.5125628140703518, 0.6065573770491803, 0.0, 0.0, 0.4396423248882266, 0.018360375747224593, 32.0]
[6.0, 0.7738693467336684, 0.639344262295082, 0.4141414141414141, 0.16548463356973994, 0.6870342771982118, 0.21050384286934243, 27.0]
[5.0, 0.3869346733668342, 0.6721311475409836, 0.4141414141414141, 0.049645390070921995, 0.533532041728763, 0.033304867634500426, 35.0]
[5.0, 0.3668341708542713, 0.4918032786885246, 0.0, 0.0, 0.39940387481371087, 0.08112724167378307, 27.0]
[5.0, 0.793969849246231, 0.6885245901639344, 0.4141414141414141, 0.24822695035460993, 0.587183308494784, 0.1353543979504697, 29.0]
[4.0, 0.5879396984924623, 0.5245901639344264, 0.2727272727272727, 0.14184397163120568, 0.4947839046199703, 0.06490179333902649, 24.0]
[2.0, 0.6030150753768844, 0.6229508196721312, 0.37373737373737376, 0.12411347517730496, 0.5916542473919524, 0.05849701110162255, 29.0]
[1.0, 0.4371859296482412, 0.5573770491803278, 0.3434343434343434, 0.09101654846335698, 0.5603576751117736, 0.13791631084543127, 24.0]
[3.0, 0.7135678391959799, 0.6557377049180327, 0.15151515151515152, 0.0, 0.4828614008941878, 0.05209222886421862, 63.0]
[1.0, 0.42211055276381915, 0.5245901639344264, 0.23232323232323232, 0.1359338061465721, 0.5499254843517137, 0.16780529461998292, 28.0]
[0.0, 0.3668341708542713, 0.0, 0.0, 0.0, 0.31445603576751124, 0.11272416737830912, 25.0]
[2.0, 0.6482412060301508, 0.0, 0.0, 0.0, 0.5737704918032788, 0.09649871904355249, 41.0]
[0.0, 0.6180904522613065, 0.5901639344262295, 0.0, 0.0, 0.5409836065573771, 0.07685738684884713, 52.0]
[4.0, 0.9195979899497488, 0.0, 0.0, 0.0, 0.4232488822652757, 0.05721605465414176, 36.0]
[2.0, 0.37185929648241206, 0.0, 0.0, 0.0, 0.0, 0.010247651579846282, 22.0]
[2.0, 0.6381909547738693, 0.47540983606557374, 0.24242424242424243, 0.3250591016548464, 0.4128166915052161, 0.6498719043552519, 25.0]
[5.0, 0.4773869346733669, 0.5901639344262295, 0.33333333333333326, 0.0, 0.5618479880774964, 0.1246797608881298, 27.0]
[1.0, 0.4020100502512563, 0.6065573770491803, 0.1111111111111111, 0.07092198581560284, 0.44709388971684055, 0.19171648163962424, 22.0]
[2.0, 0.5527638190954772, 0.6065573770491803, 0.2929292929292929, 0.14775413711583923, 0.4828614008941878, 0.26473099914602904, 27.0]
[1.0, 0.9497487437185927, 0.4918032786885246, 0.23232323232323232, 1.0, 0.4485842026825634, 0.13663535439795044, 59.0]
[0.0, 0.5678391959798995, 0.6557377049180327, 0.16161616161616163, 0.0, 0.4619970193740686, 0.33988044406490187, 21.0]
[1.0, 0.6683417085427136, 0.8360655737704918, 0.2828282828282828, 0.16548463356973994, 0.488822652757079, 0.06660973526900084, 45.0]
[3.0, 0.8140703517587939, 0.4262295081967213, 0.38383838383838387, 0.0, 0.5543964232488824, 0.24508966695132367, 24.0]
[5.0, 0.6130653266331657, 0.7049180327868853, 0.0, 0.0, 0.5171385991058123, 0.09052092228864217, 33.0]
[1.0, 0.5376884422110553, 0.5901639344262295, 0.30303030303030304, 0.09692671394799054, 0.459016393442623, 0.31725021349274124, 24.0]
[0.0, 0.5979899497487438, 0.0, 0.0, 0.0, 0.4828614008941878, 0.02690008539709649, 24.0]
[4.0, 0.4974874371859296, 0.5573770491803278, 0.38383838383838387, 0.0, 0.488822652757079, 0.028608027327070875, 33.0]
[1.0, 0.7236180904522613, 0.6721311475409836, 0.404040404040404, 0.0, 0.6154992548435172, 0.22587532023911183, 28.0]
[5.0, 0.5577889447236181, 0.5901639344262295, 0.2828282828282828, 0.0, 0.3561847988077496, 0.1404782237403928, 27.0]
[6.0, 0.5276381909547737, 0.6557377049180327, 0.2828282828282828, 0.0, 0.48435171385991055, 0.3415883859948762, 26.0]
[5.0, 0.793969849246231, 0.5737704918032787, 0.0, 0.0, 0.44411326378539506, 0.055081127241673786, 63.0]
[8.0, 0.6030150753768844, 0.7049180327868853, 0.0, 0.0, 0.4232488822652757, 0.07728437233134072, 22.0]
[6.0, 0.5276381909547737, 0.5737704918032787, 0.32323232323232326, 0.08037825059101654, 0.459016393442623, 0.018787361229718188, 37.0]
[5.0, 0.5326633165829145, 0.6721311475409836, 0.30303030303030304, 0.0, 0.5886736214605067, 0.0888129803586678, 38.0]
[1.0, 0.5125628140703518, 0.6065573770491803, 0.0, 0.0, 0.5886736214605067, 0.09180187873612296, 42.0]
[8.0, 0.4974874371859296, 0.6885245901639344, 0.0, 0.0, 0.5275707898658718, 0.13236549957301447, 50.0]
[0.0, 0.728643216080402, 0.0, 0.0, 0.0, 0.6587183308494785, 0.23569598633646455, 31.0]
[3.0, 0.44221105527638194, 0.47540983606557374, 0.1111111111111111, 0.06382978723404255, 0.3695976154992549, 0.08070025619128948, 22.0]
[9.0, 0.6180904522613065, 0.5737704918032787, 0.4444444444444444, 0.1111111111111111, 0.49329359165424747, 0.1263877028181042, 40.0]
[1.0, 0.5979899497487438, 0.44262295081967207, 0.13131313131313133, 0.0591016548463357, 0.33233979135618485, 0.05422715627668658, 24.0]
[4.0, 0.4773869346733669, 0.4918032786885246, 0.32323232323232326, 0.0, 0.5275707898658718, 0.08795900939368059, 28.0]
[5.0, 0.5527638190954772, 0.5573770491803278, 0.0, 0.0, 0.38748137108792846, 0.09137489325362937, 30.0]
[1.0, 0.9045226130653266, 0.0, 0.0, 0.0, 0.6453055141579732, 0.08710503842869342, 41.0]
[4.0, 0.7839195979899498, 0.6147540983606558, 0.0, 0.0, 0.7198211624441133, 0.06831767719897525, 32.0]
[1.0, 0.5979899497487438, 0.3606557377049181, 0.4747474747474748, 0.07446808510638298, 0.5290611028315947, 0.08625106746370624, 25.0]
[0.0, 0.4773869346733669, 0.5245901639344264, 0.3939393939393939, 0.12411347517730496, 0.6646795827123697, 0.1229718189581554, 22.0]
[3.0, 0.5376884422110553, 0.5081967213114753, 0.13131313131313133, 0.05673758865248226, 0.3412816691505216, 0.2561912894961571, 23.0]
[4.0, 0.628140703517588, 0.6557377049180327, 0.0, 0.0, 0.48137108792846495, 0.1955593509820666, 27.0]
[1.0, 0.8190954773869346, 0.5901639344262295, 0.0, 0.0, 0.5812220566318927, 0.48847139197267286, 33.0]
