6.000000000000000000e+00 nan nan 3.535353535353535359e-01 0.000000000000000000e+00 nan 2.344150298889837725e-01 nan
8.000000000000000000e+00 nan nan 0.000000000000000000e+00 nan 3.472429210134128641e-01 2.536293766011956108e-01 nan
nan 6.884422110552763652e-01 3.278688524590163689e-01 nan 1.985815602836879523e-01 nan nan 3.300000000000000000e+01
nan 3.919597989949748507e-01 4.098360655737705027e-01 nan nan 4.619970193740686182e-01 7.258753202391117487e-02 nan
2.000000000000000000e+00 nan 5.737704918032786594e-01 nan 6.418439716312056564e-01 nan nan 5.300000000000000000e+01
8.000000000000000000e+00 nan 7.868852459016393297e-01 nan nan 0.000000000000000000e+00 6.575576430401364192e-02 nan
1.000000000000000000e+01 nan 6.065573770491803351e-01 nan nan 5.663189269746646826e-01 1.959863364645602068e-01 nan
nan 9.497487437185929693e-01 4.918032786885245811e-01 nan 1.000000000000000000e+00 nan 1.366353543979504370e-01 nan
nan 8.341708542713567320e-01 5.901639344262294973e-01 nan nan 3.845007451564829148e-01 2.173356105892400025e-01 nan
7.000000000000000000e+00 nan nan 0.000000000000000000e+00 nan 4.470938897168405535e-01 1.733561058923996367e-01 nan
nan 5.929648241206030290e-01 nan 4.747474747474747514e-01 nan 6.825633383010432098e-01 2.019641332194705430e-01 nan
7.000000000000000000e+00 nan nan 0.000000000000000000e+00 0.000000000000000000e+00 nan nan 3.100000000000000000e+01
nan 5.778894472361808532e-01 5.737704918032786594e-01 nan 1.134751773049645363e-01 nan 1.925704526046114473e-01 nan
7.000000000000000000e+00 nan nan 0.000000000000000000e+00 nan 5.931445603576751546e-01 1.592655849701110071e-01 nan
nan 5.979899497487437543e-01 nan 3.535353535353535359e-01 nan 4.321907600596125443e-01 7.899231426131511635e-02 nan
1.100000000000000000e+01 nan 7.704918032786884918e-01 nan nan 5.454545454545455252e-01 nan 5.100000000000000000e+01
nan 6.281407035175879949e-01 nan 2.626262626262626521e-01 nan 4.634873323397913913e-01 nan 4.100000000000000000e+01
nan 7.386934673366833959e-01 6.229508196721311730e-01 nan 0.000000000000000000e+00 nan 7.643040136635353976e-02 nan
3.000000000000000000e+00 nan 6.229508196721311730e-01 nan 2.895981087470448911e-01 nan 3.300597779675490950e-01 nan
nan 5.125628140703517577e-01 nan 3.737373737373737570e-01 0.000000000000000000e+00 nan nan 4.600000000000000000e+01
nan 4.522613065326633319e-01 nan 4.242424242424242542e-01 0.000000000000000000e+00 nan 1.814688300597779580e-01 nan
4.000000000000000000e+00 nan 5.901639344262294973e-01 nan nan 5.529061102831595020e-01 5.602049530315967862e-01 nan
9.000000000000000000e+00 nan nan 2.424242424242424310e-01 2.836879432624113684e-01 nan nan 5.400000000000000000e+01
nan 9.045226130653266639e-01 nan 3.939393939393939226e-01 nan 6.259314456035768304e-01 nan 2.500000000000000000e+01
nan 5.175879396984924830e-01 5.409836065573770947e-01 nan 0.000000000000000000e+00 nan nan 3.100000000000000000e+01
8.000000000000000000e+00 nan 7.377049180327869271e-01 nan nan 5.022354694485843263e-01 1.660973526900085262e-01 nan
7.000000000000000000e+00 nan 5.573770491803278215e-01 nan nan 5.618479880774963631e-01 nan 4.100000000000000000e+01
8.000000000000000000e+00 nan 5.901639344262294973e-01 nan 0.000000000000000000e+00 nan 8.198121263877028442e-02 nan
nan 5.728643216080402389e-01 5.409836065573770947e-01 nan nan 4.888226527570789792e-01 nan 4.200000000000000000e+01
nan 5.477386934673367236e-01 7.213114754098360892e-01 nan nan 4.843517138599106042e-01 nan 3.800000000000000000e+01
nan 5.025125628140703071e-01 5.409836065573770947e-01 nan nan 4.903129657228018079e-01 nan 2.800000000000000000e+01
nan 6.331658291457286092e-01 7.377049180327869271e-01 nan nan 6.467958271236959877e-01 nan 4.200000000000000000e+01
nan 6.582914572864321245e-01 nan 0.000000000000000000e+00 nan 6.438152011922504414e-01 nan 2.600000000000000000e+01
5.000000000000000000e+00 nan 8.852459016393442459e-01 nan nan 7.272727272727272929e-01 6.362083689154567068e-02 nan
nan 6.834170854271356399e-01 5.737704918032786594e-01 nan 1.300236406619385277e-01 nan nan 4.300000000000000000e+01
nan 6.733668341708543004e-01 5.901639344262294973e-01 nan 0.000000000000000000e+00 nan 8.497011101622542473e-02 nan
1.000000000000000000e+00 nan nan 5.151515151515151381e-01 nan 7.406855439642325845e-01 nan 3.100000000000000000e+01
nan 8.190954773869346672e-01 5.901639344262294973e-01 nan nan 5.812220566318927473e-01 4.884713919726728637e-01 nan
0.000000000000000000e+00 nan 6.967213114754098324e-01 nan 4.255319148936170109e-02 nan 7.216054654141758340e-02 nan
nan 8.592964824120602474e-01 5.901639344262294973e-01 nan nan 4.962742175856930116e-01 5.166524338172501229e-02 nan
nan 7.788944723618090871e-01 5.081967213114754189e-01 nan 5.851063829787234161e-01 nan 1.985482493595217279e-01 nan
7.000000000000000000e+00 nan 4.426229508196721230e-01 nan 2.068557919621749341e-01 nan 2.177625960717335662e-01 nan
4.000000000000000000e+00 nan nan 0.000000000000000000e+00 0.000000000000000000e+00 nan 1.968403074295473898e-01 nan
nan 6.231155778894472697e-01 nan 0.000000000000000000e+00 0.000000000000000000e+00 nan nan 3.800000000000000000e+01
0.000000000000000000e+00 nan 6.229508196721311730e-01 nan nan 7.928464977645306444e-01 nan 2.500000000000000000e+01
nan 5.678391959798995137e-01 nan 0.000000000000000000e+00 nan 4.962742175856930116e-01 8.539709649871904396e-02 nan
1.000000000000000000e+00 nan 2.459016393442622905e-01 nan 1.170212765957446832e-01 nan 1.784799316823227899e-01 nan
nan 5.879396984924623037e-01 nan 2.424242424242424310e-01 1.713947990543735200e-01 nan 1.387702818104184221e-01 nan
nan 5.276381909547738225e-01 6.885245901639344135e-01 nan 0.000000000000000000e+00 nan 2.830913748932536445e-01 nan
nan 8.693467336683416979e-01 5.737704918032786594e-01 nan nan 4.426229508196721785e-01 1.208368915456874276e-01 nan
9.000000000000000000e+00 nan nan 0.000000000000000000e+00 0.000000000000000000e+00 nan nan 3.300000000000000000e+01
nan 8.542713567839196331e-01 nan 3.737373737373737570e-01 nan 5.141579731743666226e-01 nan 3.000000000000000000e+01
1.000000000000000000e+01 nan nan 0.000000000000000000e+00 nan 4.828614008941877755e-01 8.283518360375746736e-02 nan
9.000000000000000000e+00 nan 7.049180327868852514e-01 nan nan 5.111773472429209653e-01 4.743808710503842896e-01 nan
nan 9.447236180904522440e-01 nan 0.000000000000000000e+00 0.000000000000000000e+00 nan 2.519214346712210853e-02 nan
nan 7.638190954773869112e-01 nan 4.444444444444444198e-01 nan 7.451564828614009039e-01 1.105892399658411629e-01 nan
nan 8.190954773869346672e-01 5.901639344262294973e-01 nan nan 6.095380029806259925e-01 3.155422715627668739e-01 nan
0.000000000000000000e+00 nan nan 0.000000000000000000e+00 0.000000000000000000e+00 nan 2.839453458582408274e-01 nan
6.000000000000000000e+00 nan nan 1.818181818181818232e-01 nan 4.456035767511177248e-01 nan 4.100000000000000000e+01
nan 5.125628140703517577e-01 nan 0.000000000000000000e+00 nan 4.590163934426230163e-01 nan 3.600000000000000000e+01
6.000000000000000000e+00 nan 5.737704918032786594e-01 nan nan 5.275707898658718031e-01 1.981212638770281920e-01 nan
nan 8.994974874371859386e-01 nan 4.242424242424242542e-01 nan 4.873323397913562616e-01 nan 3.600000000000000000e+01
0.000000000000000000e+00 nan nan 4.646464646464646409e-01 nan 1.000000000000000000e+00 1.029035012809564470e-01 nan
nan 6.532663316582915103e-01 6.721311475409835756e-01 nan nan 5.827123695976155204e-01 nan 3.700000000000000000e+01
nan 9.748743718592964846e-01 5.573770491803278215e-01 nan nan 5.350223546944858910e-01 nan 4.100000000000000000e+01
8.000000000000000000e+00 nan nan 3.636363636363636465e-01 5.851063829787234161e-01 nan 2.292912040990606470e-01 nan
nan 6.432160804020100597e-01 8.032786885245901676e-01 nan nan 4.769001490312966274e-01 5.307429547395388081e-01 nan
8.000000000000000000e+00 nan 6.229508196721311730e-01 nan 1.347517730496453903e-01 nan nan 3.100000000000000000e+01
nan 6.984924623115578157e-01 nan 3.535353535353535359e-01 nan 4.709388971684054237e-01 nan 2.500000000000000000e+01
nan 7.989949748743718771e-01 nan 0.000000000000000000e+00 nan 4.530551415797317572e-01 nan 3.600000000000000000e+01
1.100000000000000000e+01 nan 0.000000000000000000e+00 nan 0.000000000000000000e+00 nan nan 4.000000000000000000e+01
5.000000000000000000e+00 nan 6.885245901639344135e-01 nan nan 5.871833084947839509e-01 nan 2.900000000000000000e+01
nan 5.376884422110552730e-01 nan 1.313131313131313260e-01 5.673758865248226813e-02 nan 2.561912894961571041e-01 nan
4.000000000000000000e+00 nan 5.245901639344262568e-01 nan nan 5.186289120715350531e-01 3.531169940222032566e-01 nan
nan 7.437185929648241212e-01 4.918032786885245811e-01 nan nan 4.605067064083457895e-01 nan 2.900000000000000000e+01
8.000000000000000000e+00 nan 6.229508196721311730e-01 nan nan 5.588673621460507057e-01 nan 5.700000000000000000e+01
5.000000000000000000e+00 nan 8.524590163934425702e-01 nan nan 5.618479880774963631e-01 3.116994022203244813e-02 nan
7.000000000000000000e+00 nan 6.885245901639344135e-01 nan 0.000000000000000000e+00 nan 1.182749786507258510e-01 nan
nan 7.035175879396985410e-01 nan 2.626262626262626521e-01 nan 6.348733233979136914e-01 1.507258753202390944e-01 nan
9.000000000000000000e+00 nan 6.721311475409835756e-01 nan nan 5.096870342771983031e-01 nan 3.600000000000000000e+01
nan 7.587939698492461860e-01 nan 4.040404040404040331e-01 nan 6.229508196721311730e-01 2.835183603757472359e-01 nan
5.000000000000000000e+00 nan 5.081967213114754189e-01 nan nan 5.335320417287630068e-01 1.861656703672075197e-01 nan
5.000000000000000000e+00 nan 6.065573770491803351e-01 nan 0.000000000000000000e+00 nan 4.893253629376600466e-01 nan
nan 5.628140703517587884e-01 5.409836065573770947e-01 nan 0.000000000000000000e+00 nan 7.813834329632791953e-02 nan
nan 8.894472361809044880e-01 4.918032786885245811e-01 nan nan 5.156482861400895068e-01 4.244235695986336987e-01 nan
nan 7.939698492462311519e-01 nan 0.000000000000000000e+00 0.000000000000000000e+00 nan 3.104184457728437763e-01 nan
nan 8.140703517587939420e-01 nan 3.838383838383838120e-01 nan 5.543964232488823862e-01 2.450896669513236703e-01 nan
nan 7.135678391959798805e-01 7.049180327868852514e-01 nan nan 6.557377049180328488e-01 nan 2.200000000000000000e+01
6.000000000000000000e+00 nan 6.557377049180327377e-01 nan nan 6.885245901639345245e-01 6.831767719897524627e-02 nan
nan 8.592964824120602474e-01 5.901639344262294973e-01 nan 0.000000000000000000e+00 nan 1.712211784799316516e-01 nan
nan 9.095477386934673891e-01 6.885245901639344135e-01 nan 2.269503546099290725e-01 nan 2.169086251067463555e-01 nan
0.000000000000000000e+00 nan 7.377049180327869271e-01 nan 0.000000000000000000e+00 nan nan 2.300000000000000000e+01
9.000000000000000000e+00 nan 6.885245901639344135e-01 nan 0.000000000000000000e+00 nan 3.215200683176772101e-01 nan
nan 6.984924623115578157e-01 4.426229508196721230e-01 nan 0.000000000000000000e+00 nan nan 2.200000000000000000e+01
nan 5.979899497487437543e-01 4.098360655737705027e-01 nan nan 4.038748137108793546e-01 nan 3.300000000000000000e+01
nan 9.246231155778894539e-01 nan 1.515151515151515194e-01 nan 4.470938897168405535e-01 nan 4.900000000000000000e+01
nan 4.623115577889447270e-01 nan 7.070707070707070441e-02 3.049645390070921946e-01 nan nan 4.400000000000000000e+01
nan 5.678391959798995137e-01 nan 3.535353535353535359e-01 nan 5.007451564828614421e-01 nan 2.100000000000000000e+01
1.100000000000000000e+01 nan 6.229508196721311730e-01 nan nan 4.962742175856930116e-01 5.444064901793339573e-01 nan
nan 7.085427135678391553e-01 nan 0.000000000000000000e+00 0.000000000000000000e+00 nan 2.916310845431254739e-01 nan
nan 6.180904522613065444e-01 nan 0.000000000000000000e+00 nan 4.769001490312966274e-01 nan 3.500000000000000000e+01
nan 6.934673366834170904e-01 nan 0.000000000000000000e+00 nan 5.409836065573770947e-01 3.650725875320238734e-01 nan
2.000000000000000000e+00 nan 0.000000000000000000e+00 nan nan 4.098360655737705027e-01 6.917164816396241533e-02 nan
nan 5.075376884422110324e-01 7.049180327868852514e-01 nan 0.000000000000000000e+00 nan nan 3.800000000000000000e+01
nan 5.326633165829145478e-01 4.918032786885245811e-01 nan 0.000000000000000000e+00 nan 9.308283518360375985e-02 nan
0.000000000000000000e+00 nan nan 0.000000000000000000e+00 0.000000000000000000e+00 nan 1.093082835183603468e-01 nan
nan 8.090452261306532167e-01 7.049180327868852514e-01 nan 0.000000000000000000e+00 nan 3.714773697694278426e-02 nan
2.000000000000000000e+00 nan nan 0.000000000000000000e+00 0.000000000000000000e+00 nan nan 5.200000000000000000e+01
nan 5.979899497487437543e-01 nan 3.939393939393939226e-01 2.600472813238770553e-01 nan 3.116994022203244952e-01 nan
nan 5.376884422110552730e-01 5.081967213114754189e-01 nan 8.747044917257683350e-02 nan nan 2.500000000000000000e+01
2.000000000000000000e+00 nan 6.393442622950820109e-01 nan nan 6.453055141579732146e-01 nan 3.100000000000000000e+01
1.000000000000000000e+00 nan 3.934426229508196649e-01 nan 2.293144208037825038e-01 nan nan 2.400000000000000000e+01
nan 7.336683417085426706e-01 nan 3.838383838383838120e-01 4.255319148936170248e-01 nan 1.105892399658411629e-01 nan
nan 5.025125628140703071e-01 nan 2.525252525252525415e-01 nan 5.454545454545455252e-01 nan 4.600000000000000000e+01
0.000000000000000000e+00 nan nan 0.000000000000000000e+00 0.000000000000000000e+00 nan 3.249359521776259974e-01 nan
2.000000000000000000e+00 nan 4.754098360655737432e-01 nan nan 4.709388971684054237e-01 1.468830059777967711e-01 nan
nan 5.778894472361808532e-01 8.032786885245901676e-01 nan 0.000000000000000000e+00 nan nan 2.800000000000000000e+01
nan 8.090452261306532167e-01 nan 2.323232323232323204e-01 1.560283687943262443e-01 nan 1.058923996584116151e-01 nan
0.000000000000000000e+00 nan 5.573770491803278215e-01 nan nan 4.545454545454545858e-01 5.606319385140904332e-01 nan
2.000000000000000000e+00 nan 5.573770491803278215e-01 nan 2.423167848699763482e-01 nan nan 3.000000000000000000e+01
2.000000000000000000e+00 nan nan 1.717171717171717127e-01 1.134751773049645363e-01 nan 1.515798462852262773e-01 nan
nan 5.477386934673367236e-01 6.557377049180327377e-01 nan nan 5.350223546944858910e-01 4.479077711357813407e-01 nan
nan 9.145728643216080034e-01 nan 0.000000000000000000e+00 0.000000000000000000e+00 nan nan 2.900000000000000000e+01
nan 9.748743718592964846e-01 nan 0.000000000000000000e+00 0.000000000000000000e+00 nan 2.177625960717335593e-02 nan
nan 5.628140703517587884e-01 nan 3.030303030303030387e-01 nan 4.709388971684054237e-01 5.081127241673782241e-02 nan
0.000000000000000000e+00 nan 5.737704918032786594e-01 nan 0.000000000000000000e+00 nan nan 3.600000000000000000e+01
nan 7.638190954773869112e-01 7.377049180327869271e-01 nan 3.427895981087470539e-02 nan nan 4.300000000000000000e+01
nan 6.130653266331658191e-01 nan 3.232323232323232598e-01 nan 5.230998509687034836e-01 nan 3.000000000000000000e+01
nan 5.125628140703517577e-01 7.049180327868852514e-01 nan nan 6.780923994038748903e-01 2.092228864218616605e-02 nan
1.000000000000000000e+00 nan 0.000000000000000000e+00 nan nan 6.453055141579732146e-01 nan 4.100000000000000000e+01
5.000000000000000000e+00 nan 6.229508196721311730e-01 nan nan 4.649776453055141645e-01 nan 4.400000000000000000e+01
nan 7.638190954773869112e-01 6.393442622950820109e-01 nan 2.021276595744680715e-01 nan 3.479931682322801034e-01 nan
7.000000000000000000e+00 nan 6.885245901639344135e-01 nan nan 5.946348733233979278e-01 nan 4.100000000000000000e+01
5.000000000000000000e+00 nan 6.557377049180327377e-01 nan nan 6.110283159463487657e-01 nan 3.700000000000000000e+01
9.000000000000000000e+00 nan nan 0.000000000000000000e+00 0.000000000000000000e+00 nan 9.564474807856530869e-02 nan
1.000000000000000000e+00 nan 4.098360655737705027e-01 nan 1.973995271867612367e-01 nan nan 2.800000000000000000e+01
1.300000000000000000e+01 nan 0.000000000000000000e+00 nan 0.000000000000000000e+00 nan 2.096498719043552172e-01 nan
nan 9.849246231155779352e-01 6.229508196721311730e-01 nan nan 5.439642324888227520e-01 nan 2.900000000000000000e+01
5.000000000000000000e+00 nan 5.245901639344262568e-01 nan nan 4.649776453055141645e-01 nan 2.900000000000000000e+01
nan 7.336683417085426706e-01 6.393442622950820109e-01 nan nan 5.737704918032787704e-01 nan 6.700000000000000000e+01
nan 6.231155778894472697e-01 5.901639344262294973e-01 nan 0.000000000000000000e+00 nan 1.238257899231425957e-01 nan
1.000000000000000000e+00 nan 8.360655737704918433e-01 nan 1.654846335697399418e-01 nan nan 4.500000000000000000e+01
nan 8.693467336683416979e-01 6.721311475409835756e-01 nan 5.496453900709219464e-01 nan nan 2.500000000000000000e+01
nan 7.035175879396985410e-01 6.721311475409835756e-01 nan 3.841607565011820324e-01 nan nan 5.800000000000000000e+01
4.000000000000000000e+00 nan nan 0.000000000000000000e+00 0.000000000000000000e+00 nan 6.831767719897524627e-02 nan
5.000000000000000000e+00 nan 6.065573770491803351e-01 nan nan 4.813710879284650024e-01 nan 3.500000000000000000e+01
nan 5.276381909547738225e-01 nan 3.636363636363636465e-01 nan 6.453055141579732146e-01 nan 4.500000000000000000e+01
nan 7.236180904522613311e-01 6.721311475409835756e-01 nan nan 4.769001490312966274e-01 1.596925704526045986e-01 nan
nan 8.341708542713567320e-01 nan 0.000000000000000000e+00 0.000000000000000000e+00 nan 1.118701964133219512e-01 nan
4.000000000000000000e+00 nan 6.393442622950820109e-01 nan 0.000000000000000000e+00 nan nan 3.100000000000000000e+01
nan 6.582914572864321245e-01 5.409836065573770947e-01 nan 0.000000000000000000e+00 nan nan 2.200000000000000000e+01
3.000000000000000000e+00 nan 5.737704918032786594e-01 nan 0.000000000000000000e+00 nan nan 2.500000000000000000e+01
4.000000000000000000e+00 nan nan 0.000000000000000000e+00 nan 4.769001490312966274e-01 nan 3.100000000000000000e+01
5.000000000000000000e+00 nan 6.885245901639344135e-01 nan nan 5.216095380029807105e-01 8.881298035866780349e-02 nan
nan 8.442211055276381826e-01 nan 0.000000000000000000e+00 0.000000000000000000e+00 nan 2.433817250213492905e-02 nan
4.000000000000000000e+00 nan 5.901639344262294973e-01 nan 0.000000000000000000e+00 nan 1.272416737830913691e-01 nan
nan 9.899497487437185494e-01 nan 0.000000000000000000e+00 0.000000000000000000e+00 nan nan 3.900000000000000000e+01
1.000000000000000000e+00 nan nan 4.949494949494949725e-01 nan 6.318926974664680341e-01 2.664389410760034660e-01 nan
0.000000000000000000e+00 nan nan 3.535353535353535359e-01 1.973995271867612367e-01 nan 1.947053800170794324e-01 nan
3.000000000000000000e+00 nan nan 3.333333333333333148e-01 nan 5.320417287630403447e-01 7.685738684884713123e-02 nan
nan 7.236180904522613311e-01 nan 3.232323232323232598e-01 0.000000000000000000e+00 nan 2.032450896669512896e-01 nan
3.000000000000000000e+00 nan nan 2.929292929292929282e-01 nan 3.934426229508196649e-01 nan 2.800000000000000000e+01
nan 7.587939698492461860e-01 6.393442622950820109e-01 nan nan 6.393442622950820109e-01 1.870196413321947027e-01 nan
4.000000000000000000e+00 nan nan 3.939393939393939226e-01 3.274231678486997366e-01 nan nan 3.100000000000000000e+01
1.000000000000000000e+00 nan 5.245901639344262568e-01 nan nan 5.081967213114754189e-01 nan 3.800000000000000000e+01
nan 4.773869346733668473e-01 nan 2.525252525252525415e-01 nan 5.216095380029807105e-01 6.618274978650726115e-02 nan
nan 7.085427135678391553e-01 0.000000000000000000e+00 nan 0.000000000000000000e+00 nan 5.422715627668658889e-02 nan
nan 9.497487437185929693e-01 8.524590163934425702e-01 nan 0.000000000000000000e+00 nan 1.524338172502134880e-01 nan
8.000000000000000000e+00 nan nan 0.000000000000000000e+00 nan 4.545454545454545858e-01 nan 3.300000000000000000e+01
nan 5.879396984924623037e-01 nan 1.212121212121212155e-01 nan 4.426229508196721785e-01 1.289496157130657350e-01 nan
nan 9.045226130653266639e-01 nan 6.363636363636363535e-01 nan 8.852459016393443569e-01 1.000000000000000000e+00 nan
0.000000000000000000e+00 nan nan 3.737373737373737570e-01 7.565011820330969083e-02 nan 1.844577284372331261e-01 nan
nan 6.733668341708543004e-01 nan 0.000000000000000000e+00 nan 4.307004470938897156e-01 1.981212638770281920e-01 nan
nan 8.793969849246231485e-01 nan 3.030303030303030387e-01 nan 5.007451564828614421e-01 5.721605465414176389e-02 nan
nan 7.437185929648241212e-01 nan 4.848484848484848619e-01 nan 5.603576751117735899e-01 3.941076003415883156e-01 nan
8.000000000000000000e+00 nan 0.000000000000000000e+00 nan nan 4.470938897168405535e-01 4.483347566182749322e-02 nan
2.000000000000000000e+00 nan 6.557377049180327377e-01 nan 2.257683215130023568e-01 nan nan 2.900000000000000000e+01
nan 7.939698492462311519e-01 5.737704918032786594e-01 nan nan 5.290611028315946873e-01 1.135781383432963032e-01 nan
0.000000000000000000e+00 nan nan 0.000000000000000000e+00 0.000000000000000000e+00 nan nan 3.100000000000000000e+01
0.000000000000000000e+00 nan nan 4.242424242424242542e-01 nan 6.304023845007451499e-01 1.225448334756618074e-01 nan
nan 6.281407035175879949e-01 5.737704918032786594e-01 nan 1.442080378250591155e-01 nan 4.551665243381725068e-01 nan
7.000000000000000000e+00 nan nan 3.333333333333333148e-01 1.713947990543735200e-01 nan 3.629376601195559437e-02 nan
nan 0.000000000000000000e+00 nan 4.141414141414141437e-01 0.000000000000000000e+00 nan nan 4.100000000000000000e+01
0.000000000000000000e+00 nan 7.377049180327869271e-01 nan nan 5.439642324888227520e-01 1.007685738684884619e-01 nan
nan 4.221105527638190913e-01 nan 3.131313131313131493e-01 nan 4.426229508196721785e-01 nan 4.600000000000000000e+01
nan 8.190954773869346672e-01 nan 1.818181818181818232e-01 nan 4.709388971684054237e-01 8.112724167378308759e-02 nan
nan 7.286432160804020564e-01 7.213114754098360892e-01 nan 1.950354609929078054e-01 nan 2.959009393680614441e-01 nan
nan 6.532663316582915103e-01 nan 0.000000000000000000e+00 nan 5.096870342771983031e-01 nan 4.500000000000000000e+01
4.000000000000000000e+00 nan 0.000000000000000000e+00 nan 0.000000000000000000e+00 nan nan 2.300000000000000000e+01
nan 6.482412060301507850e-01 7.540983606557376540e-01 nan 1.832151300236406488e-01 nan 3.800170794192997414e-01 nan
nan 5.025125628140703071e-01 6.065573770491803351e-01 nan nan 5.871833084947839509e-01 nan 4.300000000000000000e+01
nan 6.432160804020100597e-01 nan 2.525252525252525415e-01 2.245862884160756412e-01 nan nan 2.700000000000000000e+01
nan 4.522613065326633319e-01 6.967213114754098324e-01 nan 0.000000000000000000e+00 nan 3.189581554227156057e-01 nan
nan 9.346733668341709045e-01 nan 3.535353535353535359e-01 2.659574468085106336e-01 nan nan 3.700000000000000000e+01
nan 9.396984924623115187e-01 6.229508196721311730e-01 nan 2.446808510638297796e-01 nan nan 5.300000000000000000e+01
6.000000000000000000e+00 nan 6.229508196721311730e-01 nan nan 5.037257824143069884e-01 1.836037574722459292e-02 nan
nan 9.949748743718592747e-01 nan 3.232323232323232598e-01 3.238770685579196451e-01 nan nan 2.800000000000000000e+01
nan 6.080402010050250938e-01 nan 3.030303030303030387e-01 nan 5.111773472429209653e-01 5.337318531169939900e-02 nan
nan 5.929648241206030290e-01 6.557377049180327377e-01 nan 0.000000000000000000e+00 nan nan 2.100000000000000000e+01
2.000000000000000000e+00 nan nan 1.000000000000000000e+00 nan 5.171385991058122800e-01 2.122117847993167938e-01 nan
0.000000000000000000e+00 nan 7.377049180327869271e-01 nan nan 6.274217585692996035e-01 1.251067463706233840e-01 nan
8.000000000000000000e+00 nan nan 2.424242424242424310e-01 nan 4.277198211624441138e-01 2.600341588385995384e-01 nan
8.000000000000000000e+00 nan 5.409836065573770947e-01 nan nan 5.201192250372578263e-01 2.177625960717335593e-02 nan
3.000000000000000000e+00 nan 7.049180327868852514e-01 nan nan 4.962742175856930116e-01 nan 5.200000000000000000e+01
nan 5.577889447236180631e-01 6.885245901639344135e-01 nan nan 6.974664679582712745e-01 3.616567036720751971e-01 nan
3.000000000000000000e+00 nan nan 0.000000000000000000e+00 nan 5.126676602086438495e-01 nan 4.400000000000000000e+01
nan 9.447236180904522440e-01 6.721311475409835756e-01 nan 2.186761229314420907e-01 nan 2.578992314261315255e-01 nan
nan 8.693467336683416979e-01 nan 0.000000000000000000e+00 0.000000000000000000e+00 nan nan 3.800000000000000000e+01
7.000000000000000000e+00 nan 6.393442622950820109e-01 nan 1.489361702127659504e-01 nan nan 5.400000000000000000e+01
nan 9.195979899497487287e-01 nan 0.000000000000000000e+00 nan 4.232488822652757388e-01 nan 3.600000000000000000e+01
nan 9.095477386934673891e-01 6.393442622950820109e-01 nan nan 5.961251862891208120e-01 5.038428693424422677e-01 nan
3.000000000000000000e+00 nan 4.754098360655737432e-01 nan 2.293144208037825038e-01 nan nan 3.600000000000000000e+01
nan 8.442211055276381826e-01 nan 4.242424242424242542e-01 nan 5.692995529061103399e-01 3.027327070879590187e-01 nan
1.100000000000000000e+01 nan 6.065573770491803351e-01 nan nan 5.380029806259315484e-01 nan 5.000000000000000000e+01
nan 5.628140703517587884e-01 nan 2.424242424242424310e-01 0.000000000000000000e+00 nan 5.140905209222884631e-01 nan
0.000000000000000000e+00 nan nan 0.000000000000000000e+00 nan 4.828614008941877755e-01 2.690008539709649177e-02 nan
7.000000000000000000e+00 nan 5.245901639344262568e-01 nan 0.000000000000000000e+00 nan nan 3.400000000000000000e+01
nan 5.226130653266332082e-01 5.901639344262294973e-01 nan nan 4.649776453055141645e-01 nan 3.800000000000000000e+01
nan 4.874371859296482423e-01 6.229508196721311730e-01 nan nan 6.095380029806259925e-01 3.385994876174210355e-01 nan
6.000000000000000000e+00 nan nan 0.000000000000000000e+00 nan 4.396423248882265766e-01 4.269854824935952892e-02 nan
nan 8.391959798994974573e-01 6.065573770491803351e-01 nan 1.702127659574468044e-01 nan 1.575576430401366412e-01 nan
nan 8.994974874371859386e-01 nan 3.636363636363636465e-01 1.879432624113475114e-01 nan nan 2.200000000000000000e+01
1.100000000000000000e+01 nan nan 3.535353535353535359e-01 1.536643026004728130e-01 nan nan 4.200000000000000000e+01
nan 7.788944723618090871e-01 4.262295081967212851e-01 nan nan 5.767511177347244278e-01 6.917164816396241533e-02 nan
nan 4.020100502512563012e-01 6.721311475409835756e-01 nan nan 5.096870342771983031e-01 5.183603757472244888e-01 nan
nan 1.000000000000000000e+00 nan 4.343434343434343647e-01 nan 6.393442622950820109e-01 nan 2.200000000000000000e+01
nan 8.391959798994974573e-01 8.688524590163934080e-01 nan nan 5.603576751117735899e-01 3.714773697694278426e-02 nan
9.000000000000000000e+00 nan 6.557377049180327377e-01 nan nan 5.648286140089419094e-01 2.386848847139197427e-01 nan
nan 5.778894472361808532e-01 4.918032786885245811e-01 nan nan 5.022354694485843263e-01 nan 4.000000000000000000e+01
4.000000000000000000e+00 nan 6.721311475409835756e-01 nan 0.000000000000000000e+00 nan 6.703672075149443021e-02 nan
nan 5.577889447236180631e-01 nan 2.727272727272727071e-01 0.000000000000000000e+00 nan nan 4.000000000000000000e+01
6.000000000000000000e+00 nan 5.737704918032786594e-01 nan nan 4.605067064083457895e-01 1.067463706233987702e-01 nan
9.000000000000000000e+00 nan 7.049180327868852514e-01 nan nan 3.695976154992549056e-01 6.490179333902648673e-02 nan
nan 6.080402010050250938e-01 nan 0.000000000000000000e+00 0.000000000000000000e+00 nan 2.092228864218616605e-02 nan
nan 8.140703517587939420e-01 6.229508196721311730e-01 nan nan 7.391952309985098113e-01 1.221178479931682159e-01 nan
4.000000000000000000e+00 nan 6.557377049180327377e-01 nan 0.000000000000000000e+00 nan nan 2.700000000000000000e+01
nan 7.236180904522613311e-01 6.721311475409835756e-01 nan nan 6.870342771982117513e-01 1.097352690008539661e-01 nan
1.300000000000000000e+01 nan 9.344262295081967595e-01 nan 0.000000000000000000e+00 nan nan 4.400000000000000000e+01
nan 6.482412060301507850e-01 5.573770491803278215e-01 nan 1.477541371158392347e-01 nan 1.541417591801878539e-01 nan
nan 7.135678391959798805e-01 nan 2.424242424242424310e-01 5.673758865248227368e-01 nan 2.134927412467976099e-02 nan
3.000000000000000000e+00 nan nan 1.919191919191919060e-01 1.477541371158392347e-01 nan 8.112724167378308759e-02 nan
6.000000000000000000e+00 nan nan 3.131313131313131493e-01 0.000000000000000000e+00 nan 2.079419299743808236e-01 nan
nan 8.442211055276381826e-01 7.213114754098360892e-01 nan nan 5.216095380029807105e-01 3.531169940222032566e-01 nan
1.000000000000000000e+01 nan nan 0.000000000000000000e+00 0.000000000000000000e+00 nan 7.813834329632791953e-02 nan
9.000000000000000000e+00 nan nan 0.000000000000000000e+00 0.000000000000000000e+00 nan nan 4.500000000000000000e+01
2.000000000000000000e+00 nan nan 3.232323232323232598e-01 1.891252955082742271e-01 nan nan 2.300000000000000000e+01
1.000000000000000000e+01 nan nan 3.636363636363636465e-01 0.000000000000000000e+00 nan nan 3.800000000000000000e+01
7.000000000000000000e+00 nan nan 3.333333333333333148e-01 4.633569739952718702e-01 nan nan 3.400000000000000000e+01
3.000000000000000000e+00 nan nan 3.939393939393939226e-01 nan 5.037257824143069884e-01 3.808710503842869244e-01 nan
5.000000000000000000e+00 nan nan 2.727272727272727071e-01 nan 5.305514157973174605e-01 1.280956447480785243e-01 nan
nan 7.487437185929648464e-01 nan 2.929292929292929282e-01 1.501182033096926660e-01 nan nan 4.200000000000000000e+01
nan 6.532663316582915103e-01 6.393442622950820109e-01 nan nan 4.232488822652757388e-01 1.046114432109307990e-01 nan
nan 6.030150753768843686e-01 nan 0.000000000000000000e+00 nan 4.232488822652757388e-01 nan 2.200000000000000000e+01
nan 8.743718592964824232e-01 7.213114754098360892e-01 nan nan 6.631892697466468256e-01 2.425277540563620660e-01 nan
1.000000000000000000e+00 nan nan 0.000000000000000000e+00 0.000000000000000000e+00 nan nan 4.200000000000000000e+01
1.100000000000000000e+01 nan 6.557377049180327377e-01 nan nan 6.304023845007451499e-01 nan 4.800000000000000000e+01
nan 7.035175879396985410e-01 nan 0.000000000000000000e+00 0.000000000000000000e+00 nan nan 4.500000000000000000e+01
nan 7.386934673366833959e-01 nan 4.141414141414141437e-01 nan 7.347242921013412698e-01 1.195559350982066393e-01 nan
3.000000000000000000e+00 nan 5.737704918032786594e-01 nan nan 5.424739195230998678e-01 1.409052092228864073e-01 nan
6.000000000000000000e+00 nan 5.081967213114754189e-01 nan nan 3.621460506706408733e-01 nan 5.000000000000000000e+01
nan 6.834170854271356399e-01 nan 0.000000000000000000e+00 0.000000000000000000e+00 nan 4.713919726729290383e-01 nan
0.000000000000000000e+00 nan 7.213114754098360892e-01 nan nan 6.453055141579732146e-01 nan 2.600000000000000000e+01
8.000000000000000000e+00 nan 6.393442622950820109e-01 nan nan 4.828614008941877755e-01 1.558497011101622198e-01 nan
nan 6.432160804020100597e-01 7.213114754098360892e-01 nan nan 5.439642324888227520e-01 4.180187873612297156e-01 nan
nan 6.180904522613065444e-01 5.901639344262294973e-01 nan nan 5.409836065573770947e-01 7.685738684884713123e-02 nan
nan 9.547738693467336946e-01 7.540983606557376540e-01 nan nan 5.290611028315946873e-01 nan 6.600000000000000000e+01
nan 8.542713567839196331e-01 6.065573770491803351e-01 nan 0.000000000000000000e+00 nan nan 4.300000000000000000e+01
nan 6.331658291457286092e-01 nan 0.000000000000000000e+00 nan 4.485842026825633821e-01 nan 4.700000000000000000e+01
1.000000000000000000e+00 nan nan 2.929292929292929282e-01 nan 3.964232488822653222e-01 nan 3.100000000000000000e+01
nan 4.472361809045226066e-01 nan 2.323232323232323204e-01 nan 4.187779433681073638e-01 nan 2.100000000000000000e+01
nan 5.829145728643215785e-01 6.065573770491803351e-01 nan 0.000000000000000000e+00 nan nan 3.000000000000000000e+01
1.000000000000000000e+01 nan 0.000000000000000000e+00 nan 0.000000000000000000e+00 nan 2.391118701964133411e-02 nan
nan 5.527638190954773378e-01 7.540983606557376540e-01 nan nan 5.603576751117735899e-01 4.824935952177625970e-02 nan
nan 6.984924623115578157e-01 nan 0.000000000000000000e+00 nan 4.038748137108793546e-01 nan 5.700000000000000000e+01
1.000000000000000000e+00 nan nan 3.838383838383838120e-01 nan 6.453055141579732146e-01 nan 3.300000000000000000e+01
3.000000000000000000e+00 nan 7.213114754098360892e-01 nan 2.777777777777777901e-01 nan 2.672929120409906489e-01 nan
8.000000000000000000e+00 nan 6.885245901639344135e-01 nan 0.000000000000000000e+00 nan 1.323654995730144945e-01 nan
nan 4.874371859296482423e-01 5.409836065573770947e-01 nan 1.654846335697399418e-01 nan 1.746370623398804389e-01 nan
1.300000000000000000e+01 nan nan 1.919191919191919060e-01 1.300236406619385277e-01 nan 7.130657557643038658e-02 nan
nan 5.879396984924623037e-01 nan 0.000000000000000000e+00 0.000000000000000000e+00 nan 1.105892399658411629e-01 nan
nan 5.477386934673367236e-01 nan 2.626262626262626521e-01 0.000000000000000000e+00 nan nan 6.000000000000000000e+01
nan 4.422110552763819369e-01 nan 1.111111111111111049e-01 nan 3.695976154992549056e-01 nan 2.200000000000000000e+01
6.000000000000000000e+00 nan 7.540983606557376540e-01 nan 0.000000000000000000e+00 nan 4.696840307429547140e-02 nan
1.000000000000000000e+01 nan 6.393442622950820109e-01 nan 0.000000000000000000e+00 nan nan 4.500000000000000000e+01
nan 5.175879396984924830e-01 4.918032786885245811e-01 nan nan 3.576751117734724428e-01 nan 3.300000000000000000e+01
1.100000000000000000e+01 nan 6.229508196721311730e-01 nan nan 4.947839046199702939e-01 nan 3.500000000000000000e+01
3.000000000000000000e+00 nan 5.245901639344262568e-01 nan nan 5.067064083457526458e-01 8.240819812126387589e-02 nan
7.000000000000000000e+00 nan nan 0.000000000000000000e+00 nan 5.991058122205663583e-01 2.638770281810418061e-01 nan
7.000000000000000000e+00 nan 7.540983606557376540e-01 nan 0.000000000000000000e+00 nan nan 4.800000000000000000e+01
7.000000000000000000e+00 nan 5.245901639344262568e-01 nan 0.000000000000000000e+00 nan nan 4.000000000000000000e+01
1.000000000000000000e+00 nan nan 0.000000000000000000e+00 nan 4.426229508196721785e-01 2.075149444918872321e-01 nan
2.000000000000000000e+00 nan nan 2.727272727272727071e-01 0.000000000000000000e+00 nan nan 2.200000000000000000e+01
nan 5.276381909547738225e-01 0.000000000000000000e+00 nan 0.000000000000000000e+00 nan nan 2.400000000000000000e+01
nan 5.175879396984924830e-01 6.557377049180327377e-01 nan nan 2.891207153502235450e-01 nan 2.200000000000000000e+01
1.000000000000000000e+00 nan nan 1.515151515151515194e-01 4.255319148936170109e-02 nan nan 2.600000000000000000e+01
5.000000000000000000e+00 nan 5.409836065573770947e-01 nan nan 3.636363636363636465e-01 nan 3.000000000000000000e+01
7.000000000000000000e+00 nan 5.409836065573770947e-01 nan nan 5.171385991058122800e-01 nan 4.200000000000000000e+01
nan 3.668341708542713353e-01 4.098360655737705027e-01 nan nan 3.427719821162444336e-01 nan 2.100000000000000000e+01
0.000000000000000000e+00 nan nan 6.060606060606060774e-01 nan 6.974664679582712745e-01 nan 3.100000000000000000e+01
nan 7.336683417085426706e-01 nan 0.000000000000000000e+00 nan 6.035767511177347888e-01 7.271562766865925509e-01 nan
nan 5.276381909547738225e-01 5.245901639344262568e-01 nan nan 6.184798807749627425e-01 nan 2.200000000000000000e+01
nan 4.221105527638190913e-01 0.000000000000000000e+00 nan 0.000000000000000000e+00 nan 9.649871904355250551e-02 nan
5.000000000000000000e+00 nan nan 0.000000000000000000e+00 0.000000000000000000e+00 nan nan 3.600000000000000000e+01
2.000000000000000000e+00 nan nan 3.434343434343434254e-01 nan 3.785394932935916557e-01 nan 2.400000000000000000e+01
nan 4.974874371859296374e-01 nan 2.727272727272727071e-01 nan 4.321907600596125443e-01 5.337318531169939900e-02 nan
2.000000000000000000e+00 nan 7.540983606557376540e-01 nan nan 6.363636363636364646e-01 nan 5.400000000000000000e+01
1.000000000000000000e+00 nan nan 1.313131313131313260e-01 4.491725768321513240e-02 nan 1.093082835183603468e-01 nan
nan 7.336683417085426706e-01 nan 2.727272727272727071e-01 1.182033096926713989e-01 nan nan 2.700000000000000000e+01
5.000000000000000000e+00 nan nan 3.535353535353535359e-01 1.654846335697399418e-01 nan nan 2.600000000000000000e+01
4.000000000000000000e+00 nan 7.049180327868852514e-01 nan 3.191489361702127825e-01 nan nan 2.300000000000000000e+01
nan 3.969849246231155759e-01 6.147540983606557541e-01 nan nan 4.769001490312966274e-01 1.357813834329632818e-01 nan
1.000000000000000000e+00 nan nan 2.020202020202020166e-01 nan 3.681073025335320770e-01 2.647309991460290723e-02 nan
nan 3.115577889447236348e-01 nan 0.000000000000000000e+00 nan 4.858420268256334329e-01 nan 4.100000000000000000e+01
nan 4.773869346733668473e-01 5.901639344262294973e-01 nan nan 5.618479880774963631e-01 1.246797608881297925e-01 nan
nan 5.628140703517587884e-01 5.409836065573770947e-01 nan nan 3.725782414307004520e-01 9.777967549103329381e-02 nan
3.000000000000000000e+00 nan 3.606557377049180446e-01 nan 0.000000000000000000e+00 nan 2.647309991460290723e-02 nan
2.000000000000000000e+00 nan 0.000000000000000000e+00 nan nan 0.000000000000000000e+00 nan 2.200000000000000000e+01
nan 4.170854271356783660e-01 nan 2.626262626262626521e-01 8.392434988179668653e-02 nan nan 3.600000000000000000e+01
nan 5.075376884422110324e-01 nan 2.828282828282828176e-01 0.000000000000000000e+00 nan 6.789069171648162704e-02 nan
nan 5.527638190954773378e-01 6.065573770491803351e-01 nan nan 4.828614008941877755e-01 2.647309991460290446e-01 nan
1.300000000000000000e+01 nan 5.901639344262294973e-01 nan nan 5.454545454545455252e-01 4.269854824935952892e-02 nan
nan 5.025125628140703071e-01 5.573770491803278215e-01 nan 8.392434988179668653e-02 nan 1.050384286934244182e-01 nan
nan 5.376884422110552730e-01 5.573770491803278215e-01 nan nan 3.949329359165424935e-01 nan 2.400000000000000000e+01
nan 4.020100502512563012e-01 4.508196721311475419e-01 nan nan 2.846497764530551700e-01 nan 2.100000000000000000e+01
nan 6.180904522613065444e-01 6.557377049180327377e-01 nan nan 4.769001490312966274e-01 1.558497011101622198e-01 nan
nan 4.070351758793969710e-01 6.393442622950820109e-01 nan 5.673758865248226813e-02 nan 7.813834329632791953e-02 nan
2.000000000000000000e+00 nan 6.721311475409835756e-01 nan nan 3.681073025335320770e-01 2.916310845431254739e-01 nan
nan 7.236180904522613311e-01 nan 2.727272727272727071e-01 nan 5.052160953800298726e-01 nan 4.000000000000000000e+01
2.000000000000000000e+00 nan nan 2.828282828282828176e-01 0.000000000000000000e+00 nan 2.220324508966695087e-02 nan
1.000000000000000000e+00 nan 3.934426229508196649e-01 nan nan 3.040238450074515542e-01 nan 2.200000000000000000e+01
6.000000000000000000e+00 nan nan 3.030303030303030387e-01 nan 4.277198211624441138e-01 nan 2.300000000000000000e+01
nan 7.587939698492461860e-01 nan 0.000000000000000000e+00 0.000000000000000000e+00 nan nan 2.200000000000000000e+01
0.000000000000000000e+00 nan 7.868852459016393297e-01 nan nan 3.353204172876304567e-01 nan 2.100000000000000000e+01
1.000000000000000000e+00 nan nan 1.818181818181818232e-01 nan 3.964232488822653222e-01 8.753202391118702907e-02 nan
nan 4.271356783919598166e-01 5.327868852459016757e-01 nan 0.000000000000000000e+00 nan nan 2.700000000000000000e+01
1.000000000000000000e+00 nan nan 2.929292929292929282e-01 nan 4.277198211624441138e-01 3.087105038428692994e-01 nan
1.000000000000000000e+00 nan 1.000000000000000000e+00 nan nan 3.338301043219076281e-01 5.508112724167378571e-02 nan
nan 7.236180904522613311e-01 nan 2.828282828282828176e-01 1.654846335697399418e-01 nan 8.923996584116138109e-02 nan
nan 4.170854271356783660e-01 nan 3.131313131313131493e-01 nan 5.111773472429209653e-01 nan 2.500000000000000000e+01
nan 4.472361809045226066e-01 nan 3.434343434343434254e-01 4.373522458628841675e-02 nan nan 2.300000000000000000e+01
4.000000000000000000e+00 nan nan 0.000000000000000000e+00 0.000000000000000000e+00 nan 1.336464560204952967e-01 nan
5.000000000000000000e+00 nan nan 0.000000000000000000e+00 0.000000000000000000e+00 nan 2.459436379163108533e-01 nan
4.000000000000000000e+00 nan 4.918032786885245811e-01 nan nan 4.202682563338301369e-01 nan 2.200000000000000000e+01
nan 4.974874371859296374e-01 nan 1.515151515151515194e-01 6.028368794326240815e-02 nan 6.191289496157131172e-02 nan
nan 5.577889447236180631e-01 5.245901639344262568e-01 nan 0.000000000000000000e+00 nan 7.771135781383432806e-02 nan
2.000000000000000000e+00 nan 6.065573770491803351e-01 nan nan 5.007451564828614421e-01 1.391972672929120136e-01 nan
5.000000000000000000e+00 nan nan 0.000000000000000000e+00 0.000000000000000000e+00 nan nan 6.900000000000000000e+01
nan 6.030150753768843686e-01 nan 3.030303030303030387e-01 nan 6.393442622950820109e-01 1.596925704526045986e-01 nan
nan 5.929648241206030290e-01 4.754098360655737432e-01 nan 1.111111111111111049e-01 nan nan 2.300000000000000000e+01
8.000000000000000000e+00 nan 6.065573770491803351e-01 nan 0.000000000000000000e+00 nan nan 3.900000000000000000e+01
nan 4.824120603015075170e-01 5.573770491803278215e-01 nan nan 3.144560357675112439e-01 nan 2.600000000000000000e+01
nan 6.281407035175879949e-01 nan 2.020202020202020166e-01 nan 5.037257824143069884e-01 nan 3.100000000000000000e+01
0.000000000000000000e+00 nan 5.737704918032786594e-01 nan 5.910165484633569943e-02 nan nan 2.100000000000000000e+01
nan 4.673366834170854522e-01 4.918032786885245811e-01 nan 1.087470449172576875e-01 nan nan 2.200000000000000000e+01
0.000000000000000000e+00 nan nan 0.000000000000000000e+00 nan 4.649776453055141645e-01 2.668659265584970020e-01 nan
nan 5.276381909547738225e-01 5.901639344262294973e-01 nan 3.841607565011820324e-01 nan 3.458582408198121461e-02 nan
3.000000000000000000e+00 nan 6.393442622950820109e-01 nan nan 3.144560357675112439e-01 8.112724167378308759e-02 nan
5.000000000000000000e+00 nan 6.721311475409835756e-01 nan nan 5.886736214605067241e-01 8.881298035866780349e-02 nan
2.000000000000000000e+00 nan 4.262295081967212851e-01 nan 7.446808510638297518e-02 nan nan 2.200000000000000000e+01
nan 7.738693467336683618e-01 5.081967213114754189e-01 nan nan 4.888226527570789792e-01 nan 2.300000000000000000e+01
nan 5.125628140703517577e-01 6.147540983606557541e-01 nan nan 0.000000000000000000e+00 2.109308283518360472e-01 nan
9.000000000000000000e+00 nan nan 3.737373737373737570e-01 0.000000000000000000e+00 nan 7.685738684884714164e-03 nan
nan 5.326633165829145478e-01 nan 3.535353535353535359e-01 1.406619385342789685e-01 nan 5.644748078565328120e-01 nan
5.000000000000000000e+00 nan nan 0.000000000000000000e+00 nan 5.022354694485843263e-01 nan 6.500000000000000000e+01
nan 4.522613065326633319e-01 5.737704918032786594e-01 nan 0.000000000000000000e+00 nan 2.988898377455168932e-03 nan
1.000000000000000000e+00 nan nan 5.050505050505050830e-01 2.411347517730496326e-01 nan 1.370623398804440285e-01 nan
nan 5.728643216080402389e-01 5.327868852459016757e-01 nan 0.000000000000000000e+00 nan 1.511528608027327136e-01 nan
1.000000000000000000e+00 nan 6.721311475409835756e-01 nan nan 6.050670640834575620e-01 nan 2.300000000000000000e+01
2.000000000000000000e+00 nan nan 1.515151515151515194e-01 1.111111111111111049e-01 nan nan 2.100000000000000000e+01
1.000000000000000000e+00 nan nan 2.121212121212121271e-01 1.595744680851063912e-01 nan nan 2.300000000000000000e+01
2.000000000000000000e+00 nan nan 1.919191919191919060e-01 6.264775413711583252e-02 nan nan 2.200000000000000000e+01
nan 7.587939698492461860e-01 7.377049180327869271e-01 nan 0.000000000000000000e+00 nan 9.222886421861654915e-02 nan
7.000000000000000000e+00 nan 6.065573770491803351e-01 nan nan 5.543964232488823862e-01 nan 4.500000000000000000e+01
0.000000000000000000e+00 nan nan 3.434343434343434254e-01 3.368794326241134618e-01 nan nan 2.700000000000000000e+01
nan 5.025125628140703071e-01 5.245901639344262568e-01 nan 0.000000000000000000e+00 nan nan 2.100000000000000000e+01
nan 7.437185929648241212e-01 5.409836065573770947e-01 nan nan 4.843517138599106042e-01 7.600341588385994829e-02 nan
4.000000000000000000e+00 nan nan 0.000000000000000000e+00 nan 4.411326378539494053e-01 2.694278394534586063e-01 nan
4.000000000000000000e+00 nan 5.409836065573770947e-01 nan 0.000000000000000000e+00 nan 1.678052946199829198e-01 nan
nan 5.577889447236180631e-01 7.377049180327869271e-01 nan 9.219858156028368223e-02 nan nan 2.900000000000000000e+01
2.000000000000000000e+00 nan 0.000000000000000000e+00 nan nan 4.307004470938897156e-01 nan 2.500000000000000000e+01
1.000000000000000000e+00 nan 4.918032786885245811e-01 nan 5.673758865248226813e-02 nan nan 2.300000000000000000e+01
nan 3.768844221105527859e-01 5.245901639344262568e-01 nan nan 4.426229508196721785e-01 1.246797608881297925e-01 nan
nan 4.271356783919598166e-01 6.393442622950820109e-01 nan nan 4.649776453055141645e-01 nan 4.200000000000000000e+01
5.000000000000000000e+00 nan nan 0.000000000000000000e+00 nan 6.706408345752609135e-01 4.782237403928266128e-02 nan
6.000000000000000000e+00 nan nan 0.000000000000000000e+00 nan 3.457526080476900354e-01 2.561912894961573556e-03 nan
nan 5.979899497487437543e-01 nan 1.818181818181818232e-01 nan 5.201192250372578263e-01 nan 2.300000000000000000e+01
1.000000000000000000e+00 nan nan 2.020202020202020166e-01 nan 4.128166915052161046e-01 9.436379163108453427e-02 nan
nan 3.668341708542713353e-01 nan 0.000000000000000000e+00 nan 3.994038748137109240e-01 nan 2.700000000000000000e+01
4.000000000000000000e+00 nan 6.065573770491803351e-01 nan 0.000000000000000000e+00 nan nan 4.000000000000000000e+01
3.000000000000000000e+00 nan nan 0.000000000000000000e+00 nan 3.368107302533532299e-01 2.732707087959008671e-02 nan
9.000000000000000000e+00 nan nan 4.444444444444444198e-01 1.111111111111111049e-01 nan 1.263877028181041862e-01 nan
nan 4.271356783919598166e-01 nan 2.020202020202020166e-01 0.000000000000000000e+00 nan 2.476515798462852747e-02 nan
1.000000000000000000e+00 nan 4.754098360655737432e-01 nan 0.000000000000000000e+00 nan nan 2.100000000000000000e+01
nan 5.678391959798995137e-01 6.557377049180327377e-01 nan 0.000000000000000000e+00 nan 3.398804440649018654e-01 nan
nan 6.934673366834170904e-01 nan 0.000000000000000000e+00 nan 5.976154992548435851e-01 6.746370623398804944e-02 nan
0.000000000000000000e+00 nan nan 2.020202020202020166e-01 0.000000000000000000e+00 nan 3.027327070879590187e-01 nan
nan 4.974874371859296374e-01 5.737704918032786594e-01 nan 5.200945626477541245e-02 nan nan 2.700000000000000000e+01
nan 5.175879396984924830e-01 nan 3.232323232323232598e-01 2.245862884160756412e-01 nan 1.050384286934244182e-01 nan
5.000000000000000000e+00 nan nan 2.828282828282828176e-01 nan 3.561847988077496141e-01 1.404782237403928158e-01 nan
nan 4.824120603015075170e-01 5.245901639344262568e-01 nan nan 4.947839046199702939e-01 9.009393680614857791e-02 nan
nan 4.070351758793969710e-01 nan 2.222222222222222099e-01 0.000000000000000000e+00 nan nan 2.500000000000000000e+01
0.000000000000000000e+00 nan nan 5.454545454545454142e-01 0.000000000000000000e+00 nan nan 2.400000000000000000e+01
nan 8.994974874371859386e-01 nan 3.131313131313131493e-01 0.000000000000000000e+00 nan nan 6.000000000000000000e+01
6.000000000000000000e+00 nan 5.573770491803278215e-01 nan nan 4.470938897168405535e-01 nan 3.200000000000000000e+01
7.000000000000000000e+00 nan nan 0.000000000000000000e+00 0.000000000000000000e+00 nan nan 3.700000000000000000e+01
nan 7.135678391959798805e-01 4.918032786885245811e-01 nan 2.245862884160756412e-01 nan nan 6.100000000000000000e+01
nan 5.025125628140703071e-01 5.409836065573770947e-01 nan 6.619385342789597948e-02 nan nan 2.600000000000000000e+01
nan 4.371859296482412116e-01 6.393442622950820109e-01 nan nan 5.156482861400895068e-01 9.820666097352687141e-03 nan
0.000000000000000000e+00 nan nan 0.000000000000000000e+00 0.000000000000000000e+00 nan 5.123825789923142776e-02 nan
4.000000000000000000e+00 nan 5.737704918032786594e-01 nan nan 5.469448584202682984e-01 nan 3.100000000000000000e+01
nan 5.879396984924623037e-01 nan 3.131313131313131493e-01 nan 6.736214605067064598e-01 nan 2.400000000000000000e+01
1.000000000000000000e+00 nan nan 2.525252525252525415e-01 nan 3.785394932935916557e-01 2.156276686592655811e-01 nan
nan 6.130653266331658191e-01 5.573770491803278215e-01 nan 0.000000000000000000e+00 nan nan 2.900000000000000000e+01
3.000000000000000000e+00 nan 5.573770491803278215e-01 nan 5.319148936170212810e-02 nan nan 2.300000000000000000e+01
nan 5.226130653266332082e-01 6.229508196721311730e-01 nan 0.000000000000000000e+00 nan nan 2.700000000000000000e+01
nan 4.572864321608040017e-01 5.245901639344262568e-01 nan nan 4.351713859910581461e-01 nan 2.100000000000000000e+01
4.000000000000000000e+00 nan 5.737704918032786594e-01 nan 1.040189125295508249e-01 nan 1.571306575576430220e-01 nan
2.000000000000000000e+00 nan 6.229508196721311730e-01 nan 2.293144208037825038e-01 nan nan 2.900000000000000000e+01
nan 6.130653266331658191e-01 5.573770491803278215e-01 nan 0.000000000000000000e+00 nan 7.685738684884713123e-02 nan
nan 8.291457286432161178e-01 nan 3.333333333333333148e-01 8.037825059101655345e-01 nan nan 2.300000000000000000e+01
nan 6.231155778894472697e-01 5.737704918032786594e-01 nan nan 5.275707898658718031e-01 nan 3.400000000000000000e+01
nan 5.577889447236180631e-01 7.049180327868852514e-01 nan 0.000000000000000000e+00 nan 2.775405636208369553e-02 nan
9.000000000000000000e+00 nan nan 0.000000000000000000e+00 nan 4.649776453055141645e-01 1.289496157130657350e-01 nan
2.000000000000000000e+00 nan 6.885245901639344135e-01 nan nan 4.172876304023845351e-01 nan 2.700000000000000000e+01
nan 4.522613065326633319e-01 6.557377049180327377e-01 nan nan 3.636363636363636465e-01 nan 2.400000000000000000e+01
nan 4.321608040201004863e-01 nan 3.232323232323232598e-01 0.000000000000000000e+00 nan 6.831767719897524627e-02 nan
nan 5.577889447236180631e-01 nan 3.939393939393939226e-01 0.000000000000000000e+00 nan 2.045260461144321196e-01 nan
nan 5.728643216080402389e-01 nan 2.222222222222222099e-01 nan 4.277198211624441138e-01 nan 2.500000000000000000e+01
1.000000000000000000e+00 nan nan 1.616161616161616299e-01 4.432624113475177041e-01 nan nan 2.400000000000000000e+01
3.000000000000000000e+00 nan nan 1.515151515151515194e-01 1.536643026004728130e-01 nan 9.436379163108453427e-02 nan
nan 4.773869346733668473e-01 5.737704918032786594e-01 nan nan 4.783904619970194561e-01 nan 2.400000000000000000e+01
3.000000000000000000e+00 nan 6.557377049180327377e-01 nan nan 4.828614008941877755e-01 5.209222886421861765e-02 nan
nan 4.824120603015075170e-01 6.065573770491803351e-01 nan nan 5.007451564828614421e-01 nan 4.300000000000000000e+01
2.000000000000000000e+00 nan 5.245901639344262568e-01 nan nan 5.961251862891208120e-01 nan 2.400000000000000000e+01
0.000000000000000000e+00 nan 4.262295081967212851e-01 nan 0.000000000000000000e+00 nan 0.000000000000000000e+00 nan
2.000000000000000000e+00 nan 5.081967213114754189e-01 nan nan 3.755588673621460538e-01 nan 2.100000000000000000e+01
nan 6.130653266331658191e-01 6.393442622950820109e-01 nan 0.000000000000000000e+00 nan 7.514944491887275146e-02 nan
1.000000000000000000e+00 nan nan 5.050505050505050830e-01 5.319148936170212810e-02 nan 1.468830059777967711e-01 nan
nan 5.326633165829145478e-01 5.737704918032786594e-01 nan 0.000000000000000000e+00 nan nan 5.200000000000000000e+01
nan 5.025125628140703071e-01 5.737704918032786594e-01 nan 6.737588652482269513e-02 nan nan 2.500000000000000000e+01
0.000000000000000000e+00 nan 5.245901639344262568e-01 nan nan 4.143070044709389332e-01 nan 2.300000000000000000e+01
nan 5.728643216080402389e-01 nan 0.000000000000000000e+00 0.000000000000000000e+00 nan 2.843723313407344744e-01 nan
nan 5.427135678391959983e-01 5.081967213114754189e-01 nan 3.286052009456264522e-01 nan nan 2.200000000000000000e+01
nan 6.482412060301507850e-01 nan 2.828282828282828176e-01 nan 5.350223546944858910e-01 nan 3.900000000000000000e+01
nan 6.683417085427135751e-01 7.213114754098360892e-01 nan 1.832151300236406488e-01 nan nan 3.700000000000000000e+01
7.000000000000000000e+00 nan 6.065573770491803351e-01 nan 1.595744680851063912e-01 nan 2.429547395388556852e-01 nan
5.000000000000000000e+00 nan nan 4.444444444444444198e-01 nan 5.767511177347244278e-01 2.309991460290350129e-01 nan
4.000000000000000000e+00 nan 4.590163934426229608e-01 nan 5.791962174940898378e-02 nan nan 2.600000000000000000e+01
nan 5.427135678391959983e-01 5.901639344262294973e-01 nan 8.865248226950354915e-02 nan 7.899231426131511635e-02 nan
nan 3.919597989949748507e-01 nan 2.929292929292929282e-01 nan 5.499254843517138447e-01 nan 2.100000000000000000e+01
nan 8.090452261306532167e-01 4.098360655737705027e-01 nan 0.000000000000000000e+00 nan 7.514944491887275146e-02 nan
nan 7.587939698492461860e-01 5.081967213114754189e-01 nan 1.418439716312056842e-01 nan nan 2.800000000000000000e+01
nan 6.331658291457286092e-01 6.885245901639344135e-01 nan nan 4.575260804769001877e-01 1.887275832621690685e-01 nan
nan 5.628140703517587884e-01 nan 0.000000000000000000e+00 nan 3.517138599105812946e-01 3.253629376601195333e-01 nan
5.000000000000000000e+00 nan nan 4.141414141414141437e-01 nan 5.335320417287630068e-01 nan 3.500000000000000000e+01
3.000000000000000000e+00 nan 6.229508196721311730e-01 nan nan 3.129657228017884152e-01 nan 3.700000000000000000e+01
2.000000000000000000e+00 nan 6.229508196721311730e-01 nan nan 5.916542473919523815e-01 5.849701110162254525e-02 nan
0.000000000000000000e+00 nan 5.573770491803278215e-01 nan nan 3.695976154992549056e-01 2.775405636208369553e-02 nan
6.000000000000000000e+00 nan 5.409836065573770947e-01 nan 0.000000000000000000e+00 nan nan 4.100000000000000000e+01
nan 5.326633165829145478e-01 nan 3.737373737373737570e-01 1.749408983451536670e-01 nan nan 2.200000000000000000e+01
nan 5.678391959798995137e-01 4.098360655737705027e-01 nan nan 4.396423248882265766e-01 2.339880444064901810e-01 nan
nan 5.628140703517587884e-01 nan 2.222222222222222099e-01 1.111111111111111049e-01 nan nan 2.600000000000000000e+01
3.000000000000000000e+00 nan nan 1.111111111111111049e-01 nan 2.876304023845007718e-01 8.795900939368059279e-02 nan
nan 5.778894472361808532e-01 nan 3.939393939393939226e-01 nan 5.678092399403875667e-01 nan 2.800000000000000000e+01
nan 6.482412060301507850e-01 4.918032786885245811e-01 nan nan 4.098360655737705027e-01 1.917164816396242366e-01 nan
nan 5.628140703517587884e-01 6.147540983606557541e-01 nan 0.000000000000000000e+00 nan nan 2.100000000000000000e+01
1.000000000000000000e+00 nan nan 2.121212121212121271e-01 1.985815602836879523e-01 nan 1.921434671221178975e-02 nan
nan 8.994974874371859386e-01 5.737704918032786594e-01 nan nan 5.230998509687034836e-01 5.209222886421861765e-02 nan
nan 5.276381909547738225e-01 nan 3.232323232323232598e-01 nan 4.590163934426230163e-01 1.878736122971818787e-02 nan
8.000000000000000000e+00 nan 5.901639344262294973e-01 nan nan 3.442622950819672623e-01 5.969257045260460970e-01 nan
2.000000000000000000e+00 nan 4.754098360655737432e-01 nan 6.146572104018912380e-02 nan 3.757472245943638267e-02 nan
1.200000000000000000e+01 nan 6.557377049180327377e-01 nan 0.000000000000000000e+00 nan 2.519214346712210853e-02 nan
1.000000000000000000e+00 nan nan 1.818181818181818232e-01 6.855791962174941079e-02 nan nan 2.200000000000000000e+01
0.000000000000000000e+00 nan nan 4.343434343434343647e-01 nan 7.138599105812221124e-01 7.728437233134072271e-02 nan
0.000000000000000000e+00 nan nan 0.000000000000000000e+00 nan 5.037257824143069884e-01 3.646456020495303374e-01 nan
1.000000000000000000e+00 nan nan 1.313131313131313260e-01 nan 3.859910581222056880e-01 1.682322801024765113e-01 nan
1.000000000000000000e+00 nan 6.065573770491803351e-01 nan 8.628841607565011784e-02 nan 2.540563620836891467e-01 nan
nan 0.000000000000000000e+00 nan 3.535353535353535359e-01 nan 4.769001490312966274e-01 1.327924850555081138e-01 nan
5.000000000000000000e+00 nan nan 0.000000000000000000e+00 0.000000000000000000e+00 nan 9.052092228864216938e-02 nan
nan 4.773869346733668473e-01 5.901639344262294973e-01 nan 0.000000000000000000e+00 nan 1.737830913748932282e-01 nan
8.000000000000000000e+00 nan nan 3.636363636363636465e-01 1.276595744680850963e-01 nan nan 4.900000000000000000e+01
nan 6.984924623115578157e-01 nan 1.919191919191919060e-01 nan 4.277198211624441138e-01 nan 2.200000000000000000e+01
nan 5.829145728643215785e-01 nan 0.000000000000000000e+00 nan 3.502235469448584659e-01 4.654141759180187993e-02 nan
nan 4.974874371859296374e-01 5.081967213114754189e-01 nan 8.747044917257683350e-02 nan 8.582408198121262155e-02 nan
4.000000000000000000e+00 nan nan 0.000000000000000000e+00 0.000000000000000000e+00 nan nan 2.900000000000000000e+01
nan 6.884422110552763652e-01 nan 0.000000000000000000e+00 nan 4.649776453055141645e-01 7.429547395388555464e-02 nan
nan 3.065326633165829096e-01 6.721311475409835756e-01 nan 0.000000000000000000e+00 nan nan 4.600000000000000000e+01
1.000000000000000000e+00 nan 5.081967213114754189e-01 nan 5.082742316784869679e-02 nan nan 2.400000000000000000e+01
nan 4.522613065326633319e-01 nan 0.000000000000000000e+00 0.000000000000000000e+00 nan 2.053800170794192748e-01 nan
nan 4.422110552763819369e-01 6.065573770491803351e-01 nan 6.382978723404254817e-02 nan nan 4.800000000000000000e+01
5.000000000000000000e+00 nan nan 0.000000000000000000e+00 0.000000000000000000e+00 nan nan 6.300000000000000000e+01
nan 5.175879396984924830e-01 nan 3.737373737373737570e-01 0.000000000000000000e+00 nan 9.692570452604609699e-02 nan
4.000000000000000000e+00 nan 6.065573770491803351e-01 nan 3.463356973995271870e-01 nan nan 3.000000000000000000e+01
nan 4.974874371859296374e-01 4.426229508196721230e-01 nan 9.810874704491726050e-02 nan nan 3.000000000000000000e+01
0.000000000000000000e+00 nan 5.245901639344262568e-01 nan nan 3.129657228017884152e-01 nan 2.100000000000000000e+01
nan 4.070351758793969710e-01 7.049180327868852514e-01 nan 7.801418439716312214e-02 nan nan 2.200000000000000000e+01
0.000000000000000000e+00 nan nan 2.323232323232323204e-01 1.052009456264775406e-01 nan nan 2.100000000000000000e+01
nan 4.221105527638190913e-01 nan 2.222222222222222099e-01 7.801418439716312214e-02 nan nan 2.100000000000000000e+01
2.000000000000000000e+00 nan 4.754098360655737432e-01 nan nan 5.201192250372578263e-01 nan 2.500000000000000000e+01
2.000000000000000000e+00 nan 4.262295081967212851e-01 nan 1.867612293144207958e-01 nan nan 2.800000000000000000e+01
nan 4.924623115577889676e-01 nan 1.515151515151515194e-01 nan 3.755588673621460538e-01 9.436379163108453427e-02 nan
nan 4.371859296482412116e-01 4.918032786885245811e-01 nan 8.865248226950354915e-02 nan nan 2.200000000000000000e+01
0.000000000000000000e+00 nan nan 3.939393939393939226e-01 nan 6.467958271236959877e-01 nan 3.500000000000000000e+01
nan 5.376884422110552730e-01 nan 3.030303030303030387e-01 9.692671394799054485e-02 nan 3.172502134927412398e-01 nan
0.000000000000000000e+00 nan nan 2.222222222222222099e-01 0.000000000000000000e+00 nan nan 2.200000000000000000e+01
nan 5.477386934673367236e-01 nan 8.080808080808081495e-02 nan 3.785394932935916557e-01 3.710503842869342650e-01 nan
nan 4.522613065326633319e-01 5.081967213114754189e-01 nan 6.973995271867612644e-02 nan nan 2.500000000000000000e+01
1.000000000000000000e+00 nan nan 2.424242424242424310e-01 nan 3.621460506706408733e-01 6.105892399658412184e-02 nan
1.000000000000000000e+00 nan nan 1.313131313131313260e-01 5.910165484633569943e-02 nan nan 2.400000000000000000e+01
3.000000000000000000e+00 nan nan 2.323232323232323204e-01 nan 4.709388971684054237e-01 nan 2.800000000000000000e+01
nan 5.025125628140703071e-01 nan 2.929292929292929282e-01 nan 4.769001490312966274e-01 nan 4.200000000000000000e+01
1.000000000000000000e+00 nan nan 1.414141414141414088e-01 4.905437352245862748e-01 nan nan 2.100000000000000000e+01
4.000000000000000000e+00 nan 5.901639344262294973e-01 nan nan 3.293591654247392531e-01 nan 3.700000000000000000e+01
nan 6.381909547738693345e-01 nan 2.424242424242424310e-01 nan 4.128166915052161046e-01 nan 2.500000000000000000e+01
3.000000000000000000e+00 nan nan 3.434343434343434254e-01 1.359338061465721059e-01 nan 3.697694278394534906e-01 nan
nan 4.120603015075376963e-01 nan 0.000000000000000000e+00 0.000000000000000000e+00 nan nan 2.500000000000000000e+01
nan 6.884422110552763652e-01 5.000000000000000000e-01 nan 0.000000000000000000e+00 nan nan 5.500000000000000000e+01
nan 3.618090452261306655e-01 nan 2.525252525252525415e-01 nan 4.709388971684054237e-01 nan 3.800000000000000000e+01
2.000000000000000000e+00 nan nan 3.232323232323232598e-01 1.950354609929078054e-01 nan 1.887275832621690685e-01 nan
0.000000000000000000e+00 nan nan 0.000000000000000000e+00 nan 3.263785394932935957e-01 1.101622544833475714e-01 nan
6.000000000000000000e+00 nan nan 3.939393939393939226e-01 nan 5.320417287630403447e-01 2.544833475661827937e-01 nan
nan 5.628140703517587884e-01 nan 3.030303030303030387e-01 2.080378250591016498e-01 nan nan 2.500000000000000000e+01
1.000000000000000000e+00 nan 6.885245901639344135e-01 nan 3.664302600472812976e-01 nan 4.261315115286079536e-01 nan
nan 7.185929648241206058e-01 nan 2.222222222222222099e-01 7.210401891252955775e-02 nan nan 2.100000000000000000e+01
1.000000000000000000e+00 nan 5.573770491803278215e-01 nan 0.000000000000000000e+00 nan 4.342442356959863026e-01 nan
nan 4.170854271356783660e-01 nan 0.000000000000000000e+00 0.000000000000000000e+00 nan nan 2.700000000000000000e+01
1.000000000000000000e+00 nan nan 4.141414141414141437e-01 2.009456264775413836e-01 nan 1.831767719897523516e-01 nan
2.000000000000000000e+00 nan 5.573770491803278215e-01 nan 8.983451536643026480e-02 nan nan 2.100000000000000000e+01
nan 5.125628140703517577e-01 5.245901639344262568e-01 nan nan 6.050670640834575620e-01 1.784799316823227899e-01 nan
2.000000000000000000e+00 nan nan 2.222222222222222099e-01 0.000000000000000000e+00 nan 1.464560204953031797e-01 nan
nan 4.723618090452261220e-01 0.000000000000000000e+00 nan 0.000000000000000000e+00 nan 7.600341588385994829e-02 nan
nan 6.783919597989950256e-01 7.704918032786884918e-01 nan 1.713947990543735200e-01 nan nan 2.600000000000000000e+01
nan 4.974874371859296374e-01 0.000000000000000000e+00 nan 0.000000000000000000e+00 nan nan 2.300000000000000000e+01
3.000000000000000000e+00 nan 6.065573770491803351e-01 nan nan 4.530551415797317572e-01 nan 3.800000000000000000e+01
1.000000000000000000e+00 nan nan 1.111111111111111049e-01 7.092198581560284210e-02 nan nan 2.200000000000000000e+01
nan 6.984924623115578157e-01 nan 0.000000000000000000e+00 nan 3.815201192250373130e-01 nan 2.900000000000000000e+01
nan 4.522613065326633319e-01 nan 8.080808080808081495e-02 0.000000000000000000e+00 nan nan 3.600000000000000000e+01
nan 7.035175879396985410e-01 6.967213114754098324e-01 nan 0.000000000000000000e+00 nan nan 4.100000000000000000e+01
5.000000000000000000e+00 nan 6.147540983606557541e-01 nan 0.000000000000000000e+00 nan nan 2.800000000000000000e+01
nan 4.874371859296482423e-01 nan 1.515151515151515194e-01 0.000000000000000000e+00 nan nan 2.100000000000000000e+01
nan 5.376884422110552730e-01 7.213114754098360892e-01 nan nan 5.484351713859910715e-01 nan 3.100000000000000000e+01
2.000000000000000000e+00 nan 5.409836065573770947e-01 nan 5.910165484633569943e-02 nan 1.789069171648164092e-01 nan
4.000000000000000000e+00 nan 5.245901639344262568e-01 nan 1.418439716312056842e-01 nan nan 2.400000000000000000e+01
nan 5.025125628140703071e-01 5.901639344262294973e-01 nan 8.274231678486997088e-02 nan 2.476515798462851914e-01 nan
0.000000000000000000e+00 nan nan 4.545454545454545303e-01 nan 5.439642324888227520e-01 nan 2.600000000000000000e+01
0.000000000000000000e+00 nan nan 1.818181818181818232e-01 7.446808510638297518e-02 nan nan 2.600000000000000000e+01
1.000000000000000000e+00 nan nan 1.313131313131313260e-01 nan 3.159463487332340170e-01 1.438941076003415753e-01 nan
0.000000000000000000e+00 nan 5.573770491803278215e-01 nan 2.482269503546099265e-01 nan 1.293766011955593542e-01 nan
nan 5.979899497487437543e-01 0.000000000000000000e+00 nan nan 2.921013412816692023e-01 3.219470538001708571e-01 nan
nan 5.025125628140703071e-01 4.426229508196721230e-01 nan nan 5.633383010432191362e-01 nan 2.400000000000000000e+01
nan 6.783919597989950256e-01 4.426229508196721230e-01 nan 0.000000000000000000e+00 nan nan 6.200000000000000000e+01
5.000000000000000000e+00 nan 5.573770491803278215e-01 nan nan 4.500745156482861553e-01 1.221178479931682159e-01 nan
9.000000000000000000e+00 nan 6.065573770491803351e-01 nan nan 3.859910581222056880e-01 nan 8.100000000000000000e+01
9.000000000000000000e+00 nan 5.901639344262294973e-01 nan 6.619385342789597948e-02 nan 2.796754910333048572e-01 nan
nan 3.567839195979899403e-01 nan 0.000000000000000000e+00 nan 3.248882265275708225e-01 1.443210930828351946e-01 nan
nan 3.718592964824120606e-01 5.737704918032786594e-01 nan 5.791962174940898378e-02 nan nan 3.900000000000000000e+01
5.000000000000000000e+00 nan nan 3.030303030303030387e-01 0.000000000000000000e+00 nan 7.685738684884713123e-02 nan
1.000000000000000000e+01 nan 8.032786885245901676e-01 nan 0.000000000000000000e+00 nan 4.030742954739539030e-01 nan
0.000000000000000000e+00 nan nan 1.313131313131313260e-01 1.241134751773049633e-01 nan nan 2.100000000000000000e+01
0.000000000000000000e+00 nan nan 1.010101010101010083e-01 4.255319148936170109e-02 nan nan 2.200000000000000000e+01
0.000000000000000000e+00 nan 5.245901639344262568e-01 nan 1.182033096926713989e-01 nan nan 2.500000000000000000e+01
6.000000000000000000e+00 nan 6.393442622950820109e-01 nan nan 6.870342771982117513e-01 2.105038428693424557e-01 nan
nan 7.236180904522613311e-01 6.721311475409835756e-01 nan 0.000000000000000000e+00 nan 2.258753202391118597e-01 nan
0.000000000000000000e+00 nan 5.737704918032786594e-01 nan 0.000000000000000000e+00 nan 3.928266438941076244e-02 nan
nan 5.979899497487437543e-01 5.409836065573770947e-01 nan nan 5.782414307004470899e-01 nan 2.200000000000000000e+01
7.000000000000000000e+00 nan nan 0.000000000000000000e+00 0.000000000000000000e+00 nan 5.636208368915456707e-02 nan
nan 5.728643216080402389e-01 nan 0.000000000000000000e+00 0.000000000000000000e+00 nan 2.049530315969257110e-02 nan
0.000000000000000000e+00 nan nan 2.727272727272727071e-01 0.000000000000000000e+00 nan nan 5.900000000000000000e+01
7.000000000000000000e+00 nan nan 1.717171717171717127e-01 1.300236406619385277e-01 nan 1.656703672075149347e-01 nan
8.000000000000000000e+00 nan 6.065573770491803351e-01 nan 8.865248226950354915e-02 nan nan 3.900000000000000000e+01
4.000000000000000000e+00 nan nan 3.131313131313131493e-01 nan 4.172876304023845351e-01 1.456020495303159412e-01 nan
nan 6.180904522613065444e-01 7.213114754098360892e-01 nan nan 5.245901639344263678e-01 5.081127241673782241e-02 nan
4.000000000000000000e+00 nan 4.754098360655737432e-01 nan 5.791962174940898378e-02 nan nan 2.800000000000000000e+01
nan 4.221105527638190913e-01 nan 3.131313131313131493e-01 nan 5.692995529061103399e-01 nan 2.300000000000000000e+01
nan 6.984924623115578157e-01 5.081967213114754189e-01 nan 5.673758865248227368e-01 nan nan 2.100000000000000000e+01
0.000000000000000000e+00 nan 6.393442622950820109e-01 nan 3.132387706855792042e-01 nan 4.615713065755763789e-01 nan
4.000000000000000000e+00 nan nan 1.717171717171717127e-01 nan 3.815201192250373130e-01 9.222886421861654915e-02 nan
nan 9.748743718592964846e-01 nan 0.000000000000000000e+00 0.000000000000000000e+00 nan 2.019641332194705430e-01 nan
2.000000000000000000e+00 nan 5.327868852459016757e-01 nan nan 5.484351713859910715e-01 nan 2.400000000000000000e+01
nan 4.472361809045226066e-01 7.377049180327869271e-01 nan nan 4.992548435171386689e-01 nan 4.200000000000000000e+01
4.000000000000000000e+00 nan 5.573770491803278215e-01 nan nan 4.888226527570789792e-01 nan 3.300000000000000000e+01
nan 4.020100502512563012e-01 0.000000000000000000e+00 nan 0.000000000000000000e+00 nan nan 2.200000000000000000e+01
nan 8.341708542713567320e-01 6.065573770491803351e-01 nan nan 3.964232488822653222e-01 nan 6.600000000000000000e+01
5.000000000000000000e+00 nan nan 0.000000000000000000e+00 0.000000000000000000e+00 nan nan 3.000000000000000000e+01
2.000000000000000000e+00 nan 5.901639344262294973e-01 nan 8.983451536643026480e-02 nan nan 2.500000000000000000e+01
nan 7.738693467336683618e-01 6.065573770491803351e-01 nan nan 4.366616989567809748e-01 nan 3.900000000000000000e+01
nan 5.879396984924623037e-01 7.377049180327869271e-01 nan nan 3.755588673621460538e-01 nan 2.100000000000000000e+01
nan 4.221105527638190913e-01 nan 3.232323232323232598e-01 nan 5.543964232488823862e-01 nan 2.800000000000000000e+01
nan 4.723618090452261220e-01 5.245901639344262568e-01 nan nan 4.962742175856930116e-01 nan 4.100000000000000000e+01
nan 4.824120603015075170e-01 nan 3.939393939393939226e-01 nan 5.558867362146050484e-01 6.831767719897524627e-02 nan
1.000000000000000000e+01 nan nan 0.000000000000000000e+00 nan 4.962742175856930116e-01 nan 3.800000000000000000e+01
nan 6.532663316582915103e-01 nan 2.323232323232323204e-01 2.009456264775413836e-01 nan 2.621690862510674958e-01 nan
2.000000000000000000e+00 nan nan 2.323232323232323204e-01 nan 4.530551415797317572e-01 3.800170794192997414e-01 nan
8.000000000000000000e+00 nan 6.393442622950820109e-01 nan 0.000000000000000000e+00 nan nan 6.400000000000000000e+01
nan 6.984924623115578157e-01 nan 1.717171717171717127e-01 2.482269503546099265e-01 nan 5.508112724167378571e-02 nan
nan 4.572864321608040017e-01 5.573770491803278215e-01 nan nan 3.606557377049180446e-01 nan 5.800000000000000000e+01
2.000000000000000000e+00 nan nan 0.000000000000000000e+00 0.000000000000000000e+00 nan nan 2.200000000000000000e+01
nan 4.974874371859296374e-01 4.426229508196721230e-01 nan 1.016548463356973936e-01 nan nan 2.400000000000000000e+01
7.000000000000000000e+00 nan nan 0.000000000000000000e+00 0.000000000000000000e+00 nan 9.649871904355250551e-02 nan
nan 3.819095477386934556e-01 nan 0.000000000000000000e+00 nan 4.888226527570789792e-01 4.355251921434670492e-02 nan
nan 6.482412060301507850e-01 nan 7.070707070707070441e-02 nan 2.921013412816692023e-01 nan 6.000000000000000000e+01
nan 3.417085427135678199e-01 5.737704918032786594e-01 nan nan 3.725782414307004520e-01 nan 2.500000000000000000e+01
nan 6.231155778894472697e-01 nan 3.333333333333333148e-01 nan 4.947839046199702939e-01 9.692570452604609699e-02 nan
6.000000000000000000e+00 nan 0.000000000000000000e+00 nan 0.000000000000000000e+00 nan 4.739538855678905593e-02 nan
3.000000000000000000e+00 nan 4.754098360655737432e-01 nan nan 4.709388971684054237e-01 3.116994022203244813e-02 nan
nan 4.371859296482412116e-01 4.918032786885245811e-01 nan nan 3.248882265275708225e-01 nan 2.100000000000000000e+01
nan 4.874371859296482423e-01 nan 1.919191919191919060e-01 9.692671394799054485e-02 nan nan 2.100000000000000000e+01
3.000000000000000000e+00 nan nan 1.515151515151515194e-01 nan 3.919523099850968917e-01 nan 2.400000000000000000e+01
0.000000000000000000e+00 nan 5.409836065573770947e-01 nan nan 4.590163934426230163e-01 1.771989752348419878e-01 nan
nan 5.577889447236180631e-01 nan 0.000000000000000000e+00 nan 3.666169895678093038e-01 nan 3.100000000000000000e+01
nan 6.130653266331658191e-01 4.918032786885245811e-01 nan 1.252955082742316650e-01 nan 2.728437233134073936e-01 nan
0.000000000000000000e+00 nan nan 0.000000000000000000e+00 0.000000000000000000e+00 nan nan 2.400000000000000000e+01
1.000000000000000000e+00 nan 5.409836065573770947e-01 nan 7.683215130023640649e-02 nan nan 2.900000000000000000e+01
6.000000000000000000e+00 nan nan 0.000000000000000000e+00 0.000000000000000000e+00 nan nan 3.100000000000000000e+01
nan 3.869346733668341809e-01 nan 3.030303030303030387e-01 nan 4.962742175856930116e-01 nan 2.400000000000000000e+01
nan 5.276381909547738225e-01 7.377049180327869271e-01 nan 0.000000000000000000e+00 nan 5.081127241673782241e-02 nan
0.000000000000000000e+00 nan nan 0.000000000000000000e+00 nan 3.233979135618479939e-01 nan 6.700000000000000000e+01
0.000000000000000000e+00 nan 6.557377049180327377e-01 nan nan 5.409836065573770947e-01 nan 2.300000000000000000e+01
4.000000000000000000e+00 nan 7.377049180327869271e-01 nan nan 5.886736214605067241e-01 nan 2.500000000000000000e+01
nan 4.422110552763819369e-01 6.393442622950820109e-01 nan nan 4.769001490312966274e-01 nan 2.900000000000000000e+01
nan 6.582914572864321245e-01 nan 2.121212121212121271e-01 nan 4.932935916542474653e-01 3.501280956447480608e-02 nan
1.000000000000000000e+00 nan 6.721311475409835756e-01 nan nan 4.888226527570789792e-01 nan 5.000000000000000000e+01
nan 9.497487437185929693e-01 9.016393442622950838e-01 nan nan 4.247391952309985674e-01 2.570452604611443426e-01 nan
nan 5.829145728643215785e-01 nan 2.828282828282828176e-01 0.000000000000000000e+00 nan nan 2.100000000000000000e+01
nan 4.221105527638190913e-01 5.573770491803278215e-01 nan 1.252955082742316650e-01 nan 2.190435525192143407e-01 nan
6.000000000000000000e+00 nan nan 0.000000000000000000e+00 nan 4.143070044709389332e-01 nan 6.600000000000000000e+01
nan 4.422110552763819369e-01 nan 2.424242424242424310e-01 nan 4.456035767511177248e-01 nan 2.300000000000000000e+01
1.000000000000000000e+00 nan nan 2.323232323232323204e-01 nan 5.499254843517138447e-01 nan 2.800000000000000000e+01
7.000000000000000000e+00 nan 5.737704918032786594e-01 nan nan 3.800298062593144843e-01 3.543979504696840449e-02 nan
1.000000000000000000e+00 nan 5.737704918032786594e-01 nan 0.000000000000000000e+00 nan 5.977796754910333354e-02 nan
8.000000000000000000e+00 nan nan 0.000000000000000000e+00 nan 4.143070044709389332e-01 nan 5.800000000000000000e+01
1.100000000000000000e+01 nan 5.573770491803278215e-01 nan nan 6.885245901639345245e-01 nan 4.200000000000000000e+01
nan 4.271356783919598166e-01 nan 0.000000000000000000e+00 0.000000000000000000e+00 nan nan 3.500000000000000000e+01
nan 4.371859296482412116e-01 nan 3.434343434343434254e-01 nan 5.603576751117735899e-01 nan 2.400000000000000000e+01
nan 4.974874371859296374e-01 4.918032786885245811e-01 nan 6.382978723404254817e-02 nan nan 3.200000000000000000e+01
nan 4.572864321608040017e-01 6.557377049180327377e-01 nan 0.000000000000000000e+00 nan nan 2.700000000000000000e+01
nan 4.773869346733668473e-01 4.426229508196721230e-01 nan nan 3.889716840536513454e-01 2.860802732707087848e-01 nan
nan 4.974874371859296374e-01 5.901639344262294973e-01 nan 2.127659574468085055e-02 nan nan 2.100000000000000000e+01
nan 4.623115577889447270e-01 nan 3.232323232323232598e-01 nan 4.769001490312966274e-01 nan 4.600000000000000000e+01
nan 7.738693467336683618e-01 nan 2.929292929292929282e-01 1.489361702127659504e-01 nan 1.110162254483347266e-01 nan
3.000000000000000000e+00 nan nan 0.000000000000000000e+00 nan 4.843517138599106042e-01 8.198121263877028442e-02 nan
nan 6.532663316582915103e-01 7.868852459016393297e-01 nan 0.000000000000000000e+00 nan 8.112724167378308759e-02 nan
3.000000000000000000e+00 nan nan 3.131313131313131493e-01 5.200945626477541245e-02 nan nan 2.200000000000000000e+01
nan 4.924623115577889676e-01 nan 1.717171717171717127e-01 1.418439716312056842e-01 nan nan 2.200000000000000000e+01
1.000000000000000000e+00 nan 7.049180327868852514e-01 nan nan 4.485842026825633821e-01 nan 2.300000000000000000e+01
1.000000000000000000e+00 nan nan 4.747474747474747514e-01 7.446808510638297518e-02 nan 8.625106746370624078e-02 nan
nan 5.427135678391959983e-01 3.606557377049180446e-01 nan 1.536643026004728130e-01 nan 3.138343296327924525e-01 nan
1.000000000000000000e+01 nan nan 0.000000000000000000e+00 0.000000000000000000e+00 nan nan 3.600000000000000000e+01
nan 5.477386934673367236e-01 4.918032786885245811e-01 nan 0.000000000000000000e+00 nan nan 2.700000000000000000e+01
1.200000000000000000e+01 nan 6.393442622950820109e-01 nan 0.000000000000000000e+00 nan 7.728437233134072271e-02 nan
8.000000000000000000e+00 nan nan 0.000000000000000000e+00 nan 5.767511177347244278e-01 nan 4.200000000000000000e+01
1.000000000000000000e+00 nan 4.590163934426229608e-01 nan 0.000000000000000000e+00 nan nan 2.200000000000000000e+01
nan 5.175879396984924830e-01 nan 0.000000000000000000e+00 0.000000000000000000e+00 nan 7.301451750640478022e-02 nan
0.000000000000000000e+00 nan 0.000000000000000000e+00 nan nan 3.144560357675112439e-01 1.127241673783091341e-01 nan
2.000000000000000000e+00 nan nan 5.050505050505050830e-01 1.654846335697399418e-01 nan 4.141759180187872674e-02 nan
nan 4.120603015075376963e-01 4.262295081967212851e-01 nan 1.359338061465721059e-01 nan 6.921434671221178281e-01 nan
6.000000000000000000e+00 nan nan 4.545454545454545303e-01 2.718676122931442118e-01 nan 2.796754910333048572e-01 nan
0.000000000000000000e+00 nan 6.229508196721311730e-01 nan 0.000000000000000000e+00 nan 4.953031596925703411e-02 nan
1.000000000000000000e+00 nan nan 1.919191919191919060e-01 nan 4.143070044709389332e-01 nan 2.100000000000000000e+01
1.000000000000000000e+00 nan nan 1.818181818181818232e-01 nan 3.442622950819672623e-01 nan 2.600000000000000000e+01
nan 5.427135678391959983e-01 nan 1.919191919191919060e-01 nan 4.038748137108793546e-01 nan 2.400000000000000000e+01
6.000000000000000000e+00 nan 0.000000000000000000e+00 nan nan 3.532041728763040678e-01 4.782237403928266128e-02 nan
1.000000000000000000e+00 nan 6.065573770491803351e-01 nan nan 4.143070044709389332e-01 nan 3.000000000000000000e+01
1.000000000000000000e+00 nan nan 3.232323232323232598e-01 0.000000000000000000e+00 nan nan 2.100000000000000000e+01
nan 4.623115577889447270e-01 nan 2.525252525252525415e-01 nan 2.906110283159463736e-01 nan 2.500000000000000000e+01
nan 7.638190954773869112e-01 nan 3.939393939393939226e-01 nan 6.184798807749627425e-01 nan 2.700000000000000000e+01
1.000000000000000000e+00 nan nan 1.313131313131313260e-01 2.151300236406619437e-01 nan 2.561912894961571735e-02 nan
nan 5.326633165829145478e-01 nan 2.121212121212121271e-01 nan 4.605067064083457895e-01 9.137489325362936621e-02 nan
6.000000000000000000e+00 nan 6.557377049180327377e-01 nan nan 4.843517138599106042e-01 nan 2.600000000000000000e+01
nan 5.326633165829145478e-01 nan 0.000000000000000000e+00 nan 3.845007451564829148e-01 5.508112724167378571e-02 nan
6.000000000000000000e+00 nan 7.868852459016393297e-01 nan 0.000000000000000000e+00 nan nan 3.000000000000000000e+01
2.000000000000000000e+00 nan nan 1.313131313131313260e-01 nan 2.995529061102831792e-01 nan 2.300000000000000000e+01
2.000000000000000000e+00 nan 7.049180327868852514e-01 nan 1.891252955082742271e-01 nan 7.173356105892400580e-02 nan
2.000000000000000000e+00 nan nan 2.020202020202020166e-01 nan 3.606557377049180446e-01 6.917164816396242921e-01 nan
nan 9.195979899497487287e-01 7.704918032786884918e-01 nan 0.000000000000000000e+00 nan nan 4.500000000000000000e+01
nan 4.723618090452261220e-01 nan 2.727272727272727071e-01 1.359338061465721059e-01 nan 1.148590947907771193e-01 nan
2.000000000000000000e+00 nan 5.245901639344262568e-01 nan nan 4.590163934426230163e-01 3.415883859948761619e-02 nan
4.000000000000000000e+00 nan 7.213114754098360892e-01 nan 6.382978723404254817e-02 nan 1.212638770281810469e-01 nan
nan 6.281407035175879949e-01 nan 0.000000000000000000e+00 0.000000000000000000e+00 nan nan 2.100000000000000000e+01
nan 6.633165829145728498e-01 6.393442622950820109e-01 nan 0.000000000000000000e+00 nan nan 2.100000000000000000e+01
5.000000000000000000e+00 nan 6.557377049180327377e-01 nan nan 5.156482861400895068e-01 nan 4.500000000000000000e+01
4.000000000000000000e+00 nan nan 2.222222222222222099e-01 nan 3.681073025335320770e-01 nan 2.100000000000000000e+01
0.000000000000000000e+00 nan 6.393442622950820109e-01 nan 1.063829787234042562e-01 nan 6.831767719897524627e-02 nan
2.000000000000000000e+00 nan 4.918032786885245811e-01 nan nan 3.904619970193741185e-01 1.131511528608027117e-01 nan
1.000000000000000000e+00 nan nan 1.717171717171717127e-01 nan 4.098360655737705027e-01 1.579846285226302327e-02 nan
1.000000000000000000e+01 nan nan 0.000000000000000000e+00 0.000000000000000000e+00 nan nan 3.100000000000000000e+01
nan 5.226130653266332082e-01 6.065573770491803351e-01 nan nan 4.292101341281669424e-01 nan 4.800000000000000000e+01
nan 4.723618090452261220e-01 nan 1.818181818181818232e-01 7.801418439716312214e-02 nan 2.438087105038428959e-01 nan
nan 5.025125628140703071e-01 6.065573770491803351e-01 nan 5.437352245862884376e-02 nan nan 2.800000000000000000e+01
nan 5.125628140703517577e-01 nan 1.717171717171717127e-01 1.241134751773049633e-01 nan nan 2.700000000000000000e+01
nan 6.432160804020100597e-01 5.737704918032786594e-01 nan nan 5.111773472429209653e-01 9.607173356105891404e-02 nan
nan 4.522613065326633319e-01 nan 0.000000000000000000e+00 0.000000000000000000e+00 nan 2.271562766865926619e-01 nan
nan 5.175879396984924830e-01 nan 3.030303030303030387e-01 nan 4.113263785394933314e-01 2.783945345858240827e-01 nan
2.000000000000000000e+00 nan 6.065573770491803351e-01 nan nan 5.871833084947839509e-01 nan 3.000000000000000000e+01
0.000000000000000000e+00 nan nan 2.525252525252525415e-01 nan 3.934426229508196649e-01 nan 2.300000000000000000e+01
1.000000000000000000e+00 nan 4.426229508196721230e-01 nan 1.182033096926713989e-01 nan 6.660973526900083874e-02 nan
1.000000000000000000e+00 nan nan 2.323232323232323204e-01 1.252955082742316650e-01 nan 1.656703672075149347e-01 nan
nan 6.180904522613065444e-01 nan 4.040404040404040331e-01 nan 5.081967213114754189e-01 nan 2.800000000000000000e+01
2.000000000000000000e+00 nan 4.426229508196721230e-01 nan 0.000000000000000000e+00 nan 1.609735269000854008e-01 nan
1.000000000000000000e+00 nan nan 2.828282828282828176e-01 nan 5.096870342771983031e-01 nan 2.200000000000000000e+01
nan 5.075376884422110324e-01 4.754098360655737432e-01 nan nan 3.248882265275708225e-01 3.287788215200682790e-02 nan
nan 6.030150753768843686e-01 nan 4.848484848484848619e-01 2.364066193853427977e-01 nan nan 4.100000000000000000e+01
1.100000000000000000e+01 nan 8.688524590163934080e-01 nan nan 5.812220566318927473e-01 nan 5.100000000000000000e+01
1.000000000000000000e+01 nan nan 0.000000000000000000e+00 nan 4.128166915052161046e-01 4.440649017933390175e-02 nan
1.000000000000000000e+00 nan 6.557377049180327377e-01 nan nan 5.186289120715350531e-01 5.935098206660973513e-02 nan
6.000000000000000000e+00 nan 4.754098360655737432e-01 nan nan 5.067064083457526458e-01 nan 4.300000000000000000e+01
9.000000000000000000e+00 nan 6.393442622950820109e-01 nan nan 4.605067064083457895e-01 nan 4.500000000000000000e+01
nan 8.291457286432161178e-01 5.573770491803278215e-01 nan 1.985815602836879523e-01 nan 2.361229718189581661e-01 nan
nan 4.974874371859296374e-01 nan 1.010101010101010083e-01 0.000000000000000000e+00 nan 2.019641332194705430e-01 nan
nan 3.417085427135678199e-01 8.688524590163934080e-01 nan nan 5.290611028315946873e-01 nan 4.700000000000000000e+01
nan 6.180904522613065444e-01 8.196721311475410054e-01 nan nan 8.539493293591654544e-01 nan 2.200000000000000000e+01
nan 4.572864321608040017e-01 6.721311475409835756e-01 nan nan 5.305514157973174605e-01 2.173356105892400025e-01 nan
nan 4.673366834170854522e-01 4.918032786885245811e-01 nan nan 5.260804769001490300e-01 7.899231426131511635e-02 nan
nan 5.075376884422110324e-01 4.754098360655737432e-01 nan nan 3.606557377049180446e-01 2.288642186165670556e-01 nan
nan 2.814070351758793942e-01 nan 2.828282828282828176e-01 5.319148936170212810e-02 nan nan 2.200000000000000000e+01
nan 4.773869346733668473e-01 nan 3.939393939393939226e-01 nan 6.646795827123697098e-01 nan 2.200000000000000000e+01
nan 6.834170854271356399e-01 6.721311475409835756e-01 nan nan 0.000000000000000000e+00 nan 6.900000000000000000e+01
2.000000000000000000e+00 nan nan 2.626262626262626521e-01 nan 4.947839046199702939e-01 2.190435525192143407e-01 nan
3.000000000000000000e+00 nan 5.245901639344262568e-01 nan nan 3.442622950819672623e-01 nan 2.200000000000000000e+01
1.000000000000000000e+00 nan nan 1.919191919191919060e-01 0.000000000000000000e+00 nan nan 2.900000000000000000e+01
1.000000000000000000e+00 nan nan 2.626262626262626521e-01 nan 3.591654247391952715e-01 3.202391118701963801e-01 nan
nan 5.376884422110552730e-01 6.557377049180327377e-01 nan nan 3.666169895678093038e-01 3.321947053800170524e-01 nan
nan 6.080402010050250938e-01 nan 3.232323232323232598e-01 1.122931442080378206e-01 nan 3.450042698548249076e-01 nan
nan 4.522613065326633319e-01 4.918032786885245811e-01 nan nan 3.502235469448584659e-01 4.824935952177625970e-02 nan
0.000000000000000000e+00 nan nan 0.000000000000000000e+00 nan 3.725782414307004520e-01 nan 2.200000000000000000e+01
4.000000000000000000e+00 nan 7.213114754098360892e-01 nan nan 5.141579731743666226e-01 nan 2.800000000000000000e+01
4.000000000000000000e+00 nan nan 0.000000000000000000e+00 0.000000000000000000e+00 nan 3.526900085397096651e-01 nan
2.000000000000000000e+00 nan nan 2.727272727272727071e-01 2.364066193853427977e-01 nan 1.729291204099060453e-01 nan
2.000000000000000000e+00 nan nan 0.000000000000000000e+00 nan 5.737704918032787704e-01 nan 4.100000000000000000e+01
nan 5.527638190954773378e-01 nan 2.020202020202020166e-01 nan 4.232488822652757388e-01 1.707941929974381157e-02 nan
nan 4.020100502512563012e-01 nan 3.636363636363636465e-01 nan 5.931445603576751546e-01 nan 2.800000000000000000e+01
nan 6.381909547738693345e-01 nan 2.121212121212121271e-01 3.959810874704491890e-01 nan nan 2.200000000000000000e+01
nan 7.939698492462311519e-01 5.245901639344262568e-01 nan 4.574468085106382920e-01 nan 9.265584970111014063e-02 nan
nan 6.331658291457286092e-01 nan 2.727272727272727071e-01 2.600472813238770622e-02 nan nan 4.000000000000000000e+01
nan 6.733668341708543004e-01 4.754098360655737432e-01 nan 3.439716312056737557e-01 nan nan 2.100000000000000000e+01
3.000000000000000000e+00 nan nan 0.000000000000000000e+00 0.000000000000000000e+00 nan 1.836037574722459292e-02 nan
nan 4.723618090452261220e-01 nan 1.818181818181818232e-01 nan 3.442622950819672623e-01 2.207514944491887343e-01 nan
1.000000000000000000e+00 nan nan 4.646464646464646409e-01 2.104018912529550811e-01 nan 1.438941076003415753e-01 nan
nan 4.170854271356783660e-01 nan 1.919191919191919060e-01 nan 4.366616989567809748e-01 nan 3.400000000000000000e+01
nan 5.728643216080402389e-01 nan 3.636363636363636465e-01 2.364066193853427977e-01 nan nan 2.100000000000000000e+01
nan 5.879396984924623037e-01 nan 3.030303030303030387e-01 nan 5.827123695976155204e-01 7.386848847139196317e-02 nan
nan 5.577889447236180631e-01 7.704918032786884918e-01 nan 0.000000000000000000e+00 nan nan 4.500000000000000000e+01
nan 5.628140703517587884e-01 6.393442622950820109e-01 nan 0.000000000000000000e+00 nan 6.746370623398804944e-02 nan
1.000000000000000000e+00 nan 6.393442622950820109e-01 nan 2.127659574468085124e-01 nan nan 2.500000000000000000e+01
0.000000000000000000e+00 nan nan 2.626262626262626521e-01 0.000000000000000000e+00 nan nan 2.200000000000000000e+01
nan 8.793969849246231485e-01 7.213114754098360892e-01 nan 0.000000000000000000e+00 nan nan 2.200000000000000000e+01
nan 4.623115577889447270e-01 4.262295081967212851e-01 nan 0.000000000000000000e+00 nan 2.690008539709649177e-02 nan
nan 5.326633165829145478e-01 nan 2.727272727272727071e-01 1.950354609929078054e-01 nan 1.485909479077711093e-01 nan
nan 5.276381909547738225e-01 6.147540983606557541e-01 nan nan 3.472429210134128641e-01 nan 5.300000000000000000e+01
nan 4.773869346733668473e-01 4.918032786885245811e-01 nan nan 5.275707898658718031e-01 8.795900939368059279e-02 nan
0.000000000000000000e+00 nan nan 2.727272727272727071e-01 1.418439716312056842e-01 nan nan 2.100000000000000000e+01
nan 3.266331658291457551e-01 nan 2.323232323232323204e-01 nan 4.769001490312966274e-01 2.228864218616566917e-01 nan
nan 4.974874371859296374e-01 4.918032786885245811e-01 nan nan 5.454545454545455252e-01 nan 2.100000000000000000e+01
3.000000000000000000e+00 nan nan 2.020202020202020166e-01 1.111111111111111049e-01 nan nan 2.600000000000000000e+01
nan 5.477386934673367236e-01 4.754098360655737432e-01 nan 1.371158392434988216e-01 nan 6.020495303159690420e-02 nan
1.300000000000000000e+01 nan 7.213114754098360892e-01 nan 1.654846335697399418e-01 nan 4.679760888129803620e-01 nan
nan 5.025125628140703071e-01 nan 3.333333333333333148e-01 1.241134751773049633e-01 nan nan 4.600000000000000000e+01
nan 4.070351758793969710e-01 nan 4.141414141414141437e-01 6.737588652482269513e-02 nan nan 3.200000000000000000e+01
nan 6.080402010050250938e-01 nan 3.939393939393939226e-01 8.747044917257683350e-02 nan nan 2.800000000000000000e+01
3.000000000000000000e+00 nan 5.081967213114754189e-01 nan 0.000000000000000000e+00 nan nan 2.500000000000000000e+01
nan 6.884422110552763652e-01 7.377049180327869271e-01 nan nan 4.769001490312966274e-01 nan 3.900000000000000000e+01
nan 5.326633165829145478e-01 6.229508196721311730e-01 nan nan 5.588673621460507057e-01 5.081127241673782241e-02 nan
2.000000000000000000e+00 nan nan 2.626262626262626521e-01 nan 4.232488822652757388e-01 2.937660119555934868e-01 nan
nan 4.472361809045226066e-01 5.081967213114754189e-01 nan nan 3.353204172876304567e-01 nan 3.300000000000000000e+01
1.000000000000000000e+01 nan 6.229508196721311730e-01 nan nan 4.903129657228018079e-01 nan 6.300000000000000000e+01
2.000000000000000000e+00 nan 5.737704918032786594e-01 nan nan 5.484351713859910715e-01 nan 2.700000000000000000e+01
5.000000000000000000e+00 nan nan 2.323232323232323204e-01 nan 3.904619970193741185e-01 7.130657557643038658e-02 nan
nan 4.673366834170854522e-01 nan 3.131313131313131493e-01 0.000000000000000000e+00 nan 1.011955593509820533e-01 nan
