1.000000000000000000e+00
8.267132048600136507e-01
8.168979518886483326e-01
8.267132048600136507e-01
8.390562087565900384e-01
8.506867108976621239e-01
8.610064179246205152e-01
8.700349036450102380e-01
8.779319679257655551e-01
8.848707453502977494e-01
8.910047603273467676e-01
8.964622229254999297e-01
9.013481016360946896e-01
9.057479525137407395e-01
9.097316599632596645e-01
9.133566024300068253e-01
9.166701957630524200e-01
9.197118956139954671e-01
9.225147637061462680e-01
9.251066931611502397e-01
9.275113705303946743e-01
9.297490351509474227e-01
9.318370822624097993e-01
9.337905452010845098e-01
9.356224835026359932e-01
9.373442973457407623e-01
9.389659839628827775e-01
9.404963480325856384e-01
9.419431753450607792e-01
9.433133769722974460e-01
9.403282688316081384e-01
9.417018977535667190e-01
9.430069320325482618e-01
9.442485747151471154e-01
9.454315059875068039e-01
9.465599479295618845e-01
9.476377198173272509e-01
9.486682855509326329e-01
9.493983842350210978e-01
9.501001167553401183e-01
9.507751665117406548e-01
9.516631794988030801e-01
9.522838591332949409e-01
9.528824120729650904e-01
9.534600459458598687e-01
9.542352719290847496e-01
9.547697220670962048e-01
9.554949062416789873e-01
9.561948765803108818e-01
9.566709722462612975e-01
9.571322806235579295e-01
9.577718146019653656e-01
9.582019906187112523e-01
9.588046832768645222e-01
9.593885467874532225e-01
9.599544805908233336e-01
9.605033267091560578e-01
9.610358743065434695e-01
9.615528638180791399e-01
9.618883240283343516e-01
9.622150399546592903e-01
9.625333625710109642e-01
9.628436239751776426e-01
9.631461386521401602e-01
9.635950507907947715e-01
9.638806197378321228e-01
9.643086142298726848e-01
9.647256424402621544e-01
9.649872069597732471e-01
9.652427836455081955e-01
9.654925839558387013e-01
9.657368093206535331e-01
9.659756517346786975e-01
9.663444294441072557e-01
9.665712451173269493e-01
9.667932499547139402e-01
9.671404716387328460e-01
9.674798606511365584e-01
9.676851052282130494e-01
9.680112101979554406e-01
9.682067613387300709e-01
9.683984630805388960e-01
9.685864325197673930e-01
9.687707819591970804e-01
9.689516191533797951e-01
9.691290475390058612e-01
9.693031664513330758e-01
9.694740713276510657e-01
9.697542134492426191e-01
9.699177134798502298e-01
9.700782916953204493e-01
9.702360288517469789e-01
9.704985295794530398e-01
9.707560540720887587e-01
9.709034835648182593e-01
9.710484129710773571e-01
9.711909078932043915e-01
9.713310316128374033e-01
9.715698552947815703e-01
9.717044075793588309e-01
9.719357954867680061e-01
9.720650829159243056e-01
9.722894092313235648e-01
9.725098702396636208e-01
9.727265678730668830e-01
9.728452608340992791e-01
9.729621469807604450e-01
9.730772689127176189e-01
9.732824109935465096e-01
9.734842019902977261e-01
9.735926355887422057e-01
9.736994915956153074e-01
9.738933011481185620e-01
9.739963312986378297e-01
9.741848573605234041e-01
9.742842487534686402e-01
9.744677256604709070e-01
9.745636534821143782e-01
9.746582678227713181e-01
9.747515965610240585e-01
9.748436667762777619e-01
9.749345047775167528e-01
9.751054369438265645e-01
9.752738760082702019e-01
9.754398776002828342e-01
9.756034956830080818e-01
9.756860424582912694e-01
9.757675392137482584e-01
9.759255260452788239e-01
9.760043880540345551e-01
9.760822696566062717e-01
9.762349473357556651e-01
9.763103547483475975e-01
9.764594723807783483e-01
9.765325109975775408e-01
9.766046752320637347e-01
9.767489740271173559e-01
9.768913726510665141e-01
9.770319093748224271e-01
9.771706214343457431e-01
9.773075450656937280e-01
9.774427155386433697e-01
9.775062371190302857e-01
9.776384890049296672e-01
9.777690813620814048e-01
9.778295528921532309e-01
9.779573868676497694e-01
9.780160805708565386e-01
9.781412522050804137e-01
9.782649035294823658e-01
9.783870627866001479e-01
9.784419680406650777e-01
9.784962956137956969e-01
9.786149900117223632e-01
9.787322875298385405e-01
9.787841107462273982e-01
9.788990976200800942e-01
9.789494649281750283e-01
9.789993233956036933e-01
9.791111810091203127e-01
9.792217691884017583e-01
9.793311099633331684e-01
9.794392248503106524e-01
9.795461348672378499e-01
9.796518605479951347e-01
9.797564219564066645e-01
9.797999584602018475e-01
9.798430823225916519e-01
9.799449712196039997e-01
9.800457633744712460e-01
9.801454768393635941e-01
9.801859897324264326e-01
9.802261309868416372e-01
9.803233771660276874e-01
9.803624625309020901e-01
9.804580137639551385e-01
9.804960784315025490e-01
9.805899839472214108e-01
9.806829275201610630e-01
9.807193686600519378e-01
9.808107401631128708e-01
9.809011906038296313e-01
9.809360893679971438e-01
9.809706891303453524e-01
9.810049938734389796e-01
9.810390075081288908e-01
9.811262098109998497e-01
9.811593682361658963e-01
9.811922498811929128e-01
9.812774899172660437e-01
9.813095531576800923e-01
9.813413530773241744e-01
9.813728930388190275e-01
9.814557227384723692e-01
9.815377703513381569e-01
9.816190471616371704e-01
9.816995642348969042e-01
9.817793324232636509e-01
9.818081111143787121e-01
9.818366645177936114e-01
9.818649953756755089e-01
9.819426113355762542e-01
9.819702612826320953e-01
9.819976990345445911e-01
9.820737076113487118e-01
9.821004917303356452e-01
9.821753825958146056e-01
9.822496088968646344e-01
9.823231796424757301e-01
9.823961036775945566e-01
9.824209963219399100e-01
9.824457065756477814e-01
9.824702365163091589e-01
9.825413171615148267e-01
9.826117868654735688e-01
9.826353573527608631e-01
9.826587594930759062e-01
9.826819951555935129e-01
9.827050661814649146e-01
9.827734289297980208e-01
9.827959704196773671e-01
9.828633995314108862e-01
9.829302689377902302e-01
9.829519428764811328e-01
9.830179124484836883e-01
9.830833414838948681e-01
9.831041838825845813e-01
9.831687452353840007e-01
9.832327843154613500e-01
9.832963075742738868e-01
9.833160313129510888e-01
9.833787284526946948e-01
9.833980084355579132e-01
9.834598976405894977e-01
9.834787454063772527e-01
9.834974714258997164e-01
9.835582710132410034e-01
9.835765799013975741e-01
9.836366131455811512e-01
9.836961822206070627e-01
9.837137988295523439e-01
9.837313050642662038e-01
9.837487019981335790e-01
9.838069742970486642e-01
9.838648048399197821e-01
9.838815483321686761e-01
9.838981893658670375e-01
9.839147289139045238e-01
9.839713285793171282e-01
9.840275073826326713e-01
9.840434294626684286e-01
9.840592563558802075e-01
9.841145146366793162e-01
9.841299981804166874e-01
9.841846060593983925e-01
9.841997545507132905e-01
9.842148145446570906e-01
9.842685465328053773e-01
9.842832822759023381e-01
9.842979330486435474e-01
9.843124996106331626e-01
9.843269827123597437e-01
9.843413830953309240e-01
9.843557014922066362e-01
9.844076744759879816e-01
9.844592831847858161e-01
9.844730783299321386e-01
9.844867964352504996e-01
9.845376128888367884e-01
9.845880782603548820e-01
9.846381962496846274e-01
9.846512057984686539e-01
9.846641445471921994e-01
9.846770130924741293e-01
9.847261756605637517e-01
9.847750056937319973e-01
9.847874055394847392e-01
9.848357106069177691e-01
9.848478500645104772e-01
9.848956398086829989e-01
9.849431118814228059e-01
9.849902695031405031e-01
9.850371158504119817e-01
9.850484427891204042e-01
9.850597117746211495e-01
9.851058882994552235e-01
9.851517641226446020e-01
9.851973422303218486e-01
9.852080234926793301e-01
9.852531342866367448e-01
9.852635910060141278e-01
9.853082426982096020e-01
9.853526094148005177e-01
9.853626803236984477e-01
9.854066006732603578e-01
9.854502434800999078e-01
9.854599413848237344e-01
9.855031500811403111e-01
9.855126435825137809e-01
9.855220922501506386e-01
9.855647189998315572e-01
9.855739689615875543e-01
9.855831757797783865e-01
9.856252344993550185e-01
9.856342481002602351e-01
9.856432201782142632e-01
9.856521510258772212e-01
9.856610409332080547e-01
9.856698901874938468e-01
9.856786990733800158e-01
9.857196222137339925e-01
9.857282481475457825e-01
9.857368352098485609e-01
9.857772308024694841e-01
9.858173858532740530e-01
9.858573025451724536e-01
9.858969830344819218e-01
9.859364294513327520e-01
9.859442959376849558e-01
9.859833784596314654e-01
9.860222325359833118e-01
9.860298043011040958e-01
9.860373439628631331e-01
9.860757159249468051e-01
9.861138662607593641e-01
9.861517969209308010e-01
9.861895098330454301e-01
9.861965190971031525e-01
9.862338948734685751e-01
9.862710579880061834e-01
9.862777988041945276e-01
9.863146331035732572e-01
9.863512596620410688e-01
9.863876802648997577e-01
9.863940459305867714e-01
9.864301487375541910e-01
9.864660502951798637e-01
9.864721665140115947e-01
9.864782594302262675e-01
9.865137409390675183e-01
9.865490269024770331e-01
9.865841189624385832e-01
9.865898642234777194e-01
9.866246580802330302e-01
9.866592623581723620e-01
9.866647768969549759e-01
9.866990900113149499e-01
9.867332177371024304e-01
9.867385083051857242e-01
9.867437802529447355e-01
9.867490336734597856e-01
