0.000000000000000000e+00
5.000000000000000000e-01
3.333333333333333148e-01
5.000000000000000000e-01
5.999999999999999778e-01
5.000000000000000000e-01
4.285714285714285476e-01
3.750000000000000000e-01
4.444444444444444198e-01
5.000000000000000000e-01
4.545454545454545303e-01
4.166666666666666852e-01
4.615384615384615641e-01
5.000000000000000000e-01
4.666666666666666741e-01
5.000000000000000000e-01
4.705882352941176405e-01
4.444444444444444198e-01
4.736842105263157632e-01
5.000000000000000000e-01
5.238095238095238360e-01
5.000000000000000000e-01
4.782608695652174058e-01
5.000000000000000000e-01
5.200000000000000178e-01
5.000000000000000000e-01
4.814814814814814548e-01
5.000000000000000000e-01
4.827586206896551935e-01
5.000000000000000000e-01
5.161290322580645018e-01
5.312500000000000000e-01
5.454545454545454142e-01
5.588235294117647189e-01
5.714285714285713969e-01
5.833333333333333703e-01
5.945945945945946276e-01
6.052631578947368363e-01
5.897435897435897578e-01
5.749999999999999556e-01
5.609756097560976151e-01
5.714285714285713969e-01
5.581395348837209225e-01
5.454545454545454142e-01
5.333333333333333259e-01
5.434782608695651884e-01
5.319148936170212671e-01
5.416666666666666297e-01
5.510204081632652517e-01
5.400000000000000355e-01
5.294117647058823595e-01
5.384615384615384359e-01
5.283018867924528239e-01
5.370370370370370905e-01
5.454545454545454142e-01
5.535714285714286031e-01
5.614035087719297934e-01
5.689655172413793371e-01
5.762711864406779849e-01
5.666666666666666519e-01
5.573770491803278215e-01
5.483870967741935054e-01
5.396825396825396526e-01
5.312500000000000000e-01
5.384615384615384359e-01
5.303030303030302761e-01
5.373134328358208922e-01
5.441176470588234837e-01
5.362318840579710644e-01
5.285714285714285809e-01
5.211267605633802535e-01
5.138888888888888395e-01
5.068493150684931781e-01
5.135135135135134865e-01
5.066666666666667096e-01
5.000000000000000000e-01
5.064935064935064402e-01
5.128205128205127750e-01
5.063291139240506666e-01
5.124999999999999556e-01
5.061728395061728669e-01
5.000000000000000000e-01
4.939759036144578119e-01
4.880952380952380820e-01
4.823529411764705954e-01
4.767441860465116421e-01
4.712643678160919336e-01
4.659090909090908839e-01
4.719101123595505487e-01
4.666666666666666741e-01
4.615384615384615641e-01
4.565217391304347561e-01
4.623655913978494403e-01
4.680851063829787329e-01
4.631578947368421018e-01
4.583333333333333148e-01
4.536082474226804107e-01
4.489795918367346927e-01
4.545454545454545303e-01
4.500000000000000111e-01
4.554455445544554615e-01
4.509803921568627527e-01
4.563106796116505048e-01
4.615384615384615641e-01
4.666666666666666741e-01
4.622641509433962348e-01
4.579439252336448551e-01
4.537037037037037202e-01
4.587155963302752548e-01
4.636363636363636243e-01
4.594594594594594850e-01
4.553571428571428492e-01
4.601769911504424715e-01
4.561403508771929571e-01
4.608695652173913082e-01
4.568965517241379559e-01
4.615384615384615641e-01
4.576271186440677985e-01
4.537815126050420145e-01
4.500000000000000111e-01
4.462809917355372025e-01
4.426229508196721230e-01
4.471544715447154372e-01
4.516129032258064391e-01
4.560000000000000164e-01
4.603174603174602919e-01
4.566929133858267931e-01
4.531250000000000000e-01
4.573643410852712976e-01
4.538461538461538436e-01
4.503816793893129500e-01
4.545454545454545303e-01
4.511278195488721554e-01
4.552238805970149071e-01
4.518518518518518379e-01
4.485294117647058987e-01
4.525547445255474477e-01
4.565217391304347561e-01
4.604316546762590168e-01
4.642857142857143016e-01
4.680851063829787329e-01
4.718309859154929398e-01
4.685314685314685423e-01
4.722222222222222099e-01
4.758620689655172487e-01
4.726027397260273988e-01
4.761904761904761640e-01
4.729729729729729715e-01
4.765100671140939381e-01
4.799999999999999822e-01
4.834437086092715496e-01
4.802631578947368363e-01
4.771241830065359735e-01
4.805194805194805130e-01
4.838709677419354982e-01
4.807692307692307820e-01
4.840764331210191118e-01
4.810126582278481111e-01
4.779874213836478036e-01
4.812500000000000111e-01
4.844720496894410200e-01
4.876543209876543217e-01
4.907975460122699363e-01
4.939024390243902385e-01
4.969696969696969502e-01
5.000000000000000000e-01
4.970059880239520722e-01
4.940476190476190688e-01
4.970414201183431802e-01
5.000000000000000000e-01
5.029239766081871066e-01
5.000000000000000000e-01
4.971098265895953494e-01
5.000000000000000000e-01
4.971428571428571641e-01
5.000000000000000000e-01
4.971751412429378791e-01
5.000000000000000000e-01
5.027932960893854997e-01
5.000000000000000000e-01
5.027624309392265678e-01
5.054945054945054750e-01
5.027322404371584730e-01
5.000000000000000000e-01
4.972972972972973249e-01
4.946236559139784994e-01
4.973262032085561390e-01
4.946808510638298073e-01
4.920634920634920362e-01
4.947368421052631415e-01
4.921465968586387629e-01
4.895833333333333148e-01
4.870466321243523411e-01
4.896907216494845172e-01
4.923076923076923350e-01
4.948979591836734637e-01
4.974619289340101447e-01
5.000000000000000000e-01
4.974874371859296374e-01
4.949999999999999956e-01
4.925373134328357994e-01
4.950495049504950451e-01
4.926108374384236543e-01
4.901960784313725283e-01
4.926829268292682862e-01
4.902912621359223344e-01
4.927536231884058204e-01
4.951923076923077094e-01
4.976076555023923320e-01
5.000000000000000000e-01
4.976303317535544779e-01
4.952830188679245293e-01
4.929577464788732488e-01
4.953271028037383172e-01
4.976744186046511698e-01
4.953703703703703498e-01
4.930875576036866104e-01
4.908256880733944949e-01
4.885844748858447217e-01
4.909090909090909061e-01
4.886877828054298489e-01
4.909909909909909720e-01
4.932735426008968416e-01
4.910714285714285476e-01
4.933333333333333459e-01
4.955752212389380462e-01
4.933920704845815020e-01
4.956140350877192846e-01
4.978165938864628770e-01
5.000000000000000000e-01
4.978354978354978533e-01
5.000000000000000000e-01
4.978540772532188963e-01
5.000000000000000000e-01
4.978723404255319118e-01
4.957627118644067910e-01
4.978902953586498148e-01
4.957983193277311074e-01
4.979079497907950014e-01
5.000000000000000000e-01
4.979253112033195094e-01
4.958677685950413361e-01
4.938271604938271331e-01
4.959016393442622905e-01
4.979591836734693633e-01
4.959349593495934738e-01
4.939271255060728727e-01
4.919354838709677491e-01
4.939759036144578119e-01
4.959999999999999964e-01
4.940239043824701248e-01
4.920634920634920362e-01
4.940711462450592673e-01
4.921259842519685179e-01
4.941176470588235503e-01
4.921875000000000000e-01
4.902723735408560102e-01
4.922480620155038622e-01
4.903474903474903668e-01
4.884615384615384470e-01
4.865900383141762431e-01
4.847328244274808906e-01
4.828897338403042028e-01
4.810606060606060774e-01
4.830188679245283057e-01
4.849624060150375948e-01
4.831460674157303514e-01
4.813432835820895539e-01
4.832713754646840165e-01
4.851851851851851638e-01
4.870848708487084955e-01
4.852941176470588203e-01
4.835164835164835195e-01
4.817518248175182705e-01
4.836363636363636420e-01
4.855072463768115854e-01
4.837545126353790526e-01
4.856115107913668849e-01
4.838709677419354982e-01
4.857142857142857095e-01
4.875444839857651091e-01
4.893617021276595591e-01
4.911660777385158938e-01
4.894366197183098732e-01
4.877192982456140524e-01
4.895104895104895326e-01
4.912891986062717931e-01
4.930555555555555802e-01
4.913494809688581100e-01
4.931034482758620552e-01
4.914089347079037551e-01
4.931506849315068219e-01
4.948805460750853036e-01
4.931972789115646183e-01
4.949152542372881602e-01
4.966216216216216006e-01
4.949494949494949725e-01
4.966442953020134277e-01
4.949832775919732475e-01
4.933333333333333459e-01
4.950166112956810860e-01
4.933774834437086310e-01
4.917491749174917604e-01
4.934210526315789269e-01
4.918032786885245811e-01
4.901960784313725283e-01
4.885993485342019493e-01
4.870129870129870087e-01
4.854368932038835016e-01
4.838709677419354982e-01
4.855305466237941903e-01
4.839743589743589758e-01
4.824281150159744347e-01
4.840764331210191118e-01
4.857142857142857095e-01
4.873417721518987222e-01
4.889589905362776157e-01
4.905660377358490587e-01
4.890282131661441989e-01
4.906249999999999778e-01
4.922118380062305287e-01
4.906832298136645787e-01
4.891640866873064875e-01
4.907407407407407551e-01
4.923076923076923350e-01
4.938650306748466057e-01
4.954128440366972752e-01
4.939024390243902385e-01
4.954407294832826603e-01
4.969696969696969502e-01
4.954682779456193176e-01
4.969879518072289337e-01
4.984984984984984768e-01
5.000000000000000000e-01
4.985074626865671488e-01
5.000000000000000000e-01
5.014836795252225476e-01
5.000000000000000000e-01
4.985250737463126636e-01
5.000000000000000000e-01
5.014662756598240456e-01
5.029239766081871066e-01
5.014577259475219151e-01
5.029069767441860517e-01
5.043478260869564966e-01
5.028901734104046506e-01
5.043227665706051521e-01
5.057471264367816577e-01
5.042979942693409656e-01
5.028571428571428914e-01
5.014245014245014564e-01
