2.500000000000000000e-01
2.625064910536609730e-01
2.109950682141845391e-01
2.938373898024263520e-01
3.188731069307395027e-01
2.822333866054393403e-01
2.664746315000837695e-01
2.573502177083017983e-01
2.755698081709497815e-01
3.187295737952006158e-01
3.101350468605684751e-01
2.960246842237492793e-01
3.059860161330173467e-01
3.058517538078495135e-01
2.977088778471012054e-01
2.972394895027209438e-01
2.899184798967867072e-01
2.870320119985323437e-01
2.864322299313688536e-01
2.860679611018521196e-01
2.941942054013215735e-01
2.908623299438657384e-01
2.847120601497409864e-01
3.023834980560413110e-01
3.007147357471118276e-01
2.924161533020792070e-01
2.871913941211114429e-01
3.007796573265066331e-01
2.979130100395465663e-01
3.049046338170185444e-01
3.065142004548420118e-01
3.062500102766879118e-01
3.069908043014129562e-01
3.068591731151948387e-01
3.066197576139911285e-01
3.058935649908592902e-01
3.083348081369893245e-01
3.114354838144532955e-01
3.076638999953815734e-01
3.037404502909036852e-01
2.996959690064268100e-01
3.011130737216157205e-01
2.972616793895385134e-01
2.958440772251564876e-01
2.936243631201989057e-01
2.995432303065628798e-01
2.963983852297785160e-01
2.966535215106389511e-01
2.960701744536770041e-01
2.908183520025422464e-01
2.879134023075592963e-01
2.891669116553293728e-01
2.880180886476795266e-01
2.912488852292861030e-01
2.923299397138702793e-01
2.916595329585472407e-01
2.910171191986102857e-01
2.923463667756067141e-01
2.919040470103013152e-01
2.909577229204841076e-01
2.900283712877020359e-01
2.871170762471695337e-01
2.858297609634519731e-01
2.837690889234932845e-01
2.861670939882457465e-01
2.845994746394328034e-01
2.852947244488862055e-01
2.852481703160718030e-01
2.841396315482708212e-01
2.825027396973969762e-01
2.817367415527701202e-01
2.797052728406012045e-01
2.765543369049240363e-01
2.825909858402240737e-01
2.794145808114860685e-01
2.757405528748584356e-01
2.797448751809140655e-01
2.871168405289666881e-01
2.840174675291437523e-01
2.842689459890969661e-01
2.819214007002023292e-01
2.785666538918723512e-01
2.755181988232012769e-01
2.732545738564181037e-01
2.718216327465980964e-01
2.690319607122595991e-01
2.686815503310879261e-01
2.661655261733330557e-01
2.661369811495741255e-01
2.641071903040378976e-01
2.618021815442110323e-01
2.590986124435818994e-01
2.623514222792718287e-01
2.652309095842402820e-01
2.637541603306622351e-01
2.613809264472778393e-01
2.592922766255023603e-01
2.572373955257638012e-01
2.625045484685938346e-01
2.604618732381004387e-01
2.608658987365365389e-01
2.592803131008619699e-01
2.647217588612212347e-01
2.668412661577189149e-01
2.718390147775655574e-01
2.711387898926144180e-01
2.686388040131665877e-01
2.678413961558172018e-01
2.691356690806417928e-01
2.722502439684609254e-01
2.714780648896425452e-01
2.704722404276646008e-01
2.717014081751227272e-01
2.702070175712931177e-01
2.750368510674692235e-01
2.731419375751164003e-01
2.785893015172076770e-01
2.765785586403894381e-01
2.754328134003980466e-01
2.731382330273583459e-01
2.722451764052379874e-01
2.702348381009431200e-01
2.701427129209335587e-01
2.708613666577373569e-01
2.753535848901427219e-01
2.762730343198064320e-01
2.746008710288840304e-01
2.740589070569240393e-01
2.760283654014775712e-01
2.739429919734673868e-01
2.719857121225587870e-01
2.729743360536667218e-01
2.709302427890210030e-01
2.715335368689320017e-01
2.695319803569808936e-01
2.683458053829207990e-01
2.710143188136875936e-01
2.720463629888683066e-01
2.724974122909683549e-01
2.759349667513712467e-01
2.762290080476867415e-01
2.782975909253871394e-01
2.780499650539489664e-01
2.781436228190821702e-01
2.782760203023933454e-01
2.764540527203295239e-01
2.803858872488840803e-01
2.798269847269298505e-01
2.842214011808731344e-01
2.869995747624213278e-01
2.880068852630893739e-01
2.865012952975042881e-01
2.856278882680632347e-01
2.885970813358501585e-01
2.904785273409153934e-01
2.896622126167520128e-01
2.909045460626797364e-01
2.895759351174544971e-01
2.888029287792874822e-01
2.888565086289916484e-01
2.909115936410865411e-01
2.919843253507245495e-01
2.930927280818434455e-01
2.930329802162195962e-01
2.964290064203864983e-01
2.967016379280920102e-01
2.956680780050121027e-01
2.940989090742569534e-01
2.962906535576273481e-01
2.960623246673176889e-01
2.999694276080751010e-01
2.988017818916016699e-01
2.983847503195769524e-01
3.013609942472621483e-01
2.996884522600897216e-01
3.009557384236056787e-01
2.993106217619674880e-01
3.002876635724876508e-01
3.021224262057707888e-01
3.013584916342618714e-01
3.024843745958246122e-01
3.023093130366866221e-01
3.020090459901628721e-01
3.014229942164391440e-01
2.998343333789726950e-01
2.985796178315543448e-01
2.999663483637652894e-01
2.985209497393941369e-01
2.977183340136908551e-01
3.012008379098212729e-01
2.996376092457128659e-01
2.986236653107062211e-01
2.972396576167769533e-01
2.980372275918650726e-01
3.000975814953825704e-01
3.008147965661959189e-01
3.022370371269403333e-01
3.028255103545174909e-01
3.014345928960026622e-01
3.009428692670000904e-01
2.995737196637341393e-01
3.001006559575757904e-01
2.986688351359678140e-01
2.975303035681386987e-01
2.975802586845350262e-01
2.964750822960923182e-01
2.997738967270752730e-01
2.995899509962606233e-01
2.996909157678657731e-01
3.012266600824091145e-01
2.998019106126539879e-01
2.986996105334258633e-01
2.982041305663964970e-01
3.002695842994394515e-01
3.030268203011764472e-01
3.016422501885338003e-01
3.002533553484056372e-01
2.993703980965011779e-01
2.980603596009891998e-01
3.000579628769464158e-01
2.987006811740265388e-01
2.998800629453038380e-01
3.027983651656536712e-01
3.020013508578184847e-01
3.049625010180521678e-01
3.053636278744334409e-01
3.041737530090446451e-01
3.063768813220611453e-01
3.067201601523943943e-01
3.085477816548655716e-01
3.077585984681588394e-01
3.080092151539643441e-01
3.068232149369896078e-01
3.077277936885575160e-01
3.073036194178759284e-01
3.060396891870978964e-01
3.070912735347303690e-01
3.066278371878995990e-01
3.070054827793096686e-01
3.072278321521577649e-01
3.065198197901239374e-01
3.058477488243558362e-01
3.048245779750034523e-01
3.049374268485388617e-01
3.050705644374238079e-01
3.047842926939505204e-01
3.035835103313809791e-01
3.028199829358234618e-01
3.029530914503043570e-01
3.032942510671487457e-01
3.025847815910192029e-01
3.014493945582708556e-01
3.041008816223517153e-01
3.029432713998518878e-01
3.043779740475634488e-01
3.032950130446206982e-01
3.023635915996797374e-01
3.029375551895393537e-01
3.022733322254795296e-01
3.015681929862222832e-01
3.008508027349975356e-01
3.002925215449422369e-01
2.995115342120948654e-01
2.986150623300432572e-01
3.000937230725854721e-01
3.010626300506099029e-01
3.008331780330321670e-01
3.005997310292116698e-01
3.014271907491620772e-01
3.015131001295044411e-01
3.023064548758385151e-01
3.018963340533669104e-01
3.011560089202153234e-01
3.006550200650468518e-01
3.009894137465609631e-01
3.020228116618742797e-01
3.011927816765681554e-01
3.015422878680212304e-01
3.008856586137476086e-01
3.012189313467959484e-01
3.018697856679615210e-01
3.018308227508079700e-01
3.022338004797686106e-01
3.016060227801690696e-01
3.012457630713714640e-01
3.017268604954057021e-01
3.015568190329501741e-01
3.017009101783874603e-01
3.010258418048301077e-01
3.018348913581883619e-01
3.011468823322757671e-01
3.020341383700250182e-01
3.022181794280778822e-01
3.015345863962990425e-01
3.013602650130074445e-01
3.019510513748057123e-01
3.011467455705720275e-01
3.021142124268129669e-01
3.019065239483378349e-01
3.012751045567529928e-01
3.021446579195523618e-01
3.019555928329861194e-01
3.016770022002944751e-01
3.021288763967943658e-01
3.015364018766005794e-01
3.011419485836210330e-01
3.003233375225051183e-01
2.993918165439911072e-01
2.987863931091954695e-01
2.986099717865478564e-01
2.992093304617965410e-01
2.985869215289827516e-01
2.976341917487000943e-01
2.984902646511776170e-01
2.988350765215458393e-01
2.993018164866020903e-01
3.007406216839006441e-01
3.008366873665473396e-01
3.004709642788186419e-01
3.012082547159080081e-01
3.011502446540560429e-01
3.009819761431343776e-01
3.001549552079196270e-01
3.001272528265366835e-01
2.999859429408259226e-01
3.008700125948287618e-01
3.015050683560281386e-01
3.006923547805794850e-01
3.020234114048565566e-01
3.029246506062400757e-01
3.025512005587708830e-01
3.028363910623713684e-01
3.035695841691113395e-01
3.046761447937378908e-01
3.040325919430441615e-01
3.044240802329848949e-01
3.043578013002362082e-01
3.041548821538894720e-01
3.039252376097658082e-01
3.050761886026570613e-01
3.062437739056794728e-01
3.065634391149051341e-01
3.058314260085764347e-01
3.064187840720707379e-01
3.068697448117558291e-01
3.060178126049412084e-01
3.071897057283750621e-01
3.070342579317335008e-01
3.064122859193317838e-01
3.058490339591877216e-01
3.055292594987405463e-01
