5.000000000000000000e-01
5.244168018926567143e-01
6.714087302814761848e-01
7.364539052562297794e-01
6.473144332115515764e-01
3.146979265564653905e-01
4.146349006872796505e-01
4.398628435840291062e-01
3.509032954388585646e-01
1.590675030577912707e-01
4.734868292933261391e-01
3.752475119421025962e-01
3.476795273454665325e-01
5.514583788289628696e-01
5.713875708794424746e-01
4.612990956597383119e-01
4.156709349976713264e-01
5.121864518812456746e-01
5.250106215329610748e-01
4.716565006162803386e-01
3.241900478753582671e-01
5.300075050202467386e-01
3.865308845085936307e-01
8.419183867222227446e-01
4.894469270165898722e-01
2.914645641862219083e-01
3.890342599514206579e-01
8.171063357190283538e-01
4.665264044024339252e-01
7.125038409466333267e-01
4.043480885705583727e-01
5.459488206360653129e-01
4.249380789057449759e-01
4.499860511132496299e-01
5.463328935484884630e-01
5.296006261148525907e-01
3.705402622902158050e-01
3.471903157269953244e-01
4.053932841953076238e-01
3.882343516695359043e-01
3.713714011974443840e-01
5.993449482930164329e-01
3.681074808290334399e-01
4.846516111153732487e-01
4.426702412655109664e-01
7.522581031088596548e-01
3.895324270169278624e-01
5.555582118114027468e-01
4.822456994678813169e-01
1.829728173717041773e-01
3.777114210060502630e-01
5.942187210039785450e-01
5.222141774289585925e-01
3.199403672806058196e-01
5.922051011950287824e-01
5.047644613240755973e-01
4.949832194449973466e-01
3.932764396659712003e-01
4.840062978847619046e-01
4.848964854701132143e-01
4.840116458524312826e-01
6.690497336839171805e-01
4.538900895293522253e-01
6.076395147238965455e-01
3.369468964461408422e-01
4.274391383186501581e-01
4.245165407478584951e-01
5.311582094042265334e-01
4.569015160160911360e-01
5.882267590200822571e-01
4.776158199106194657e-01
6.319361546190663814e-01
7.770943034909790770e-01
8.504506794148184445e-01
7.893804171382186041e-01
9.862720129739940278e-01
7.642469302791755625e-01
9.245313257694510733e-01
2.055878730444930524e-01
5.514850354501011909e-01
3.067862082764356568e-01
8.265689576280621509e-02
1.598276671673981575e-01
2.921877848463431127e-01
3.891716581686263110e-01
1.786332494063941068e-01
4.884119752323055619e-01
2.174199265216016919e-01
5.134442706455976113e-01
2.888871839512988648e-01
2.331338524534692369e-01
8.856591748922030272e-01
2.505936168121153940e-01
7.300843985090390564e-01
3.534681463644581689e-01
8.104644953425420573e-01
2.424497756960363737e-01
2.406531297347313525e-01
8.824316046391003088e-01
2.413234870858113612e-01
5.488792659411959596e-01
6.851410412617544576e-01
9.054000366787392506e-01
6.965274708846588281e-01
8.897217942939347202e-01
4.445392861972353726e-01
9.396650947486028249e-01
4.272221382599835082e-01
6.394662969709192790e-01
7.821373963318388745e-01
4.319008754559565122e-01
3.985294533006440432e-01
3.601811225898107760e-01
3.183408226076978598e-01
9.086461740587176150e-01
2.350040126349785541e-01
4.580739952575986484e-02
2.032772541448149284e-01
6.255205278237384592e-01
9.119683965895634264e-03
4.062983900420930050e-01
1.642677791938001730e-01
4.911744493839101389e-01
5.993794927127595873e-01
9.123533557281444661e-01
3.745368012202744401e-01
2.528009026342034615e-01
5.469773928179685329e-01
7.267179876020212204e-01
7.021267521002726164e-02
1.324361412320828046e-01
6.344163231103074896e-01
3.331563980747589970e-02
4.068965945999805101e-01
3.637867171203149064e-02
6.710437964032133218e-01
7.961985590278232161e-01
3.570097862419514545e-01
5.785691108076664868e-01
1.318093315708994406e-01
5.633780165500428261e-01
7.549621028112207810e-01
4.928357650472715568e-01
5.399413701811747179e-01
5.452900676696843529e-01
8.892355954240263038e-01
9.243558451255964314e-01
5.554009514184126139e-01
9.667445559011317302e-01
1.627739621744321852e-01
6.626488212947347911e-01
7.567774465758655422e-01
3.909859585624840816e-01
8.619069675476865866e-01
7.617225296136158619e-01
4.038977969380712074e-01
6.962101432954033164e-01
7.154230917360204778e-01
5.917501655249527426e-01
5.453216525427463379e-01
7.872262670771794646e-01
6.816847736325363227e-01
6.874983421966228692e-01
5.322537722924363113e-01
7.621576983380008719e-02
4.154610049795673388e-01
6.477257733331213130e-01
1.790187075088998103e-01
1.848290199204545570e-01
5.074196903993689611e-01
1.807488700164258319e-02
3.148561010599065235e-01
4.760833119647437939e-01
9.034662106226259981e-01
9.309213979755420754e-02
7.230012565956521753e-01
9.884376213827765489e-02
6.879128317123854863e-01
2.070875364012892683e-01
5.942732405495450010e-01
2.892656560450266867e-01
5.202145430807504356e-01
4.973534392389825087e-01
4.406535142546721406e-01
8.672219603503136809e-02
7.422069792271988042e-01
7.469258513098874230e-01
8.319779568568582695e-01
6.168204368948195793e-01
2.051336186833714950e-02
5.122658553056036457e-02
3.239758844797407389e-01
1.775110711543165243e-01
6.722858267016104117e-01
1.634557759581508063e-01
3.361688954449458810e-01
7.622310588219651795e-01
3.528873852356010921e-01
8.386527468158824217e-01
5.493450687105412289e-01
1.604487426268638162e-01
3.628070535389264495e-01
9.716495855580152552e-02
2.576982640586575335e-01
4.452287837050444286e-01
2.644124101953815864e-01
1.038913227997632222e-02
4.886164015950241746e-01
5.662963784642539578e-01
7.887947906914459795e-01
2.458702837024136917e-02
7.428730006080724868e-01
4.395024204212903407e-01
8.603552925609241342e-01
5.497337356406369058e-02
9.370740437468441097e-01
1.587670874948337793e-02
6.717186048018762845e-01
1.116779637144089538e-01
8.587974617519397169e-01
9.935116086370850488e-03
7.486811299863240787e-01
2.498130372628037249e-02
3.525154751362963856e-01
1.599789791362433641e-02
3.710189426062089901e-01
8.122181227296277894e-01
8.980462172832760492e-01
6.204737975679460726e-01
1.473141811190075423e-01
3.553117863589955183e-01
3.951019345583574593e-01
1.779639418501506032e-01
2.799342788301447671e-01
5.438784810180395946e-01
9.495306711346164497e-02
7.451611769113981598e-01
4.436140473305725251e-01
3.700117988923000145e-01
6.003076979873166463e-01
3.695901147244194385e-01
3.793133876812905259e-01
2.392012383574207424e-01
4.234935359272773425e-01
4.190041857936041558e-01
5.155955042085248463e-01
9.094955849734772668e-01
6.620226098788599689e-01
4.203759813106697774e-01
6.230914825781265209e-01
3.538607248037308750e-01
8.716752193127148551e-01
1.395962467516852559e-02
8.996611485645028550e-01
8.177973138659075936e-01
8.352579067322871698e-01
2.528234595420446595e-01
3.288471129590169184e-01
6.381936878687231030e-01
6.551273713113610064e-01
3.381262152164065116e-01
3.931680695841003326e-01
3.080468357345930719e-01
2.506849763158148781e-01
1.690606766413457196e-01
2.531245222749126111e-01
5.103072990564917477e-01
4.881284472443081501e-01
7.233162487431534782e-01
5.697567230332651889e-01
7.186878574082427029e-01
4.367534672599174828e-01
3.158917104056164771e-01
4.048272009191625775e-01
6.265886070472581615e-01
7.656417167141875701e-01
2.685228216224172515e-01
6.311541039243336870e-01
3.440097759158637358e-01
3.721449021730511286e-01
6.957794159030029624e-01
5.393350007469002172e-01
6.448825629885291955e-01
6.479418602083992784e-01
4.460179433305809793e-01
6.624497160880663538e-01
5.029164550605544903e-01
5.857090309350562185e-01
6.734940272823484175e-01
2.681187170867606606e-01
6.812143905104406372e-01
7.484822278151044284e-01
5.966222995995883460e-01
6.818147896505858396e-01
5.001097662766340601e-01
6.900963904450605479e-01
2.511418474038393800e-01
2.322423111877228163e-01
4.899136223486208475e-01
3.353814342996394027e-01
2.496596327270128035e-01
5.049777764821635762e-01
5.335853442188679407e-01
6.626060352398330799e-01
6.515403212167852898e-01
4.252454517391727751e-01
2.232226530194170999e-01
1.158226063435171954e-01
3.351357563616966240e-01
5.059394945065419646e-01
6.964269665865070458e-01
6.759355875386856560e-01
9.804423851016574876e-01
7.526228026884570488e-01
6.380485904828678834e-01
6.680755237840533267e-01
8.691392661882373361e-01
5.755775436598840056e-01
5.708484855192722529e-01
7.323960022743210008e-01
5.315891504361568431e-01
4.969585336195229686e-01
8.160048531379762160e-01
5.396103998625809695e-01
5.041840338314295122e-01
7.669371878750931293e-01
7.131151705769642746e-01
8.130908894438527712e-01
8.594242166518949455e-01
7.742301646548056526e-01
4.234532853739044755e-01
6.302653788318998140e-01
7.395875172059011016e-01
8.204637912756266305e-01
7.015273214993744677e-01
3.400207144439021945e-01
5.311196474398938161e-01
4.855626940314156093e-01
5.242843478547616343e-01
8.338156721918666969e-01
8.385837924341889016e-01
3.553533716361620409e-01
2.355481769068516751e-01
2.873411757014263102e-01
6.797059947237712452e-01
1.100054601094841988e-01
8.441947206874099718e-01
5.030843592252642882e-01
2.999433706610970529e-01
3.305663320256966853e-01
5.599906838006559751e-01
