[1.0, 0.0, 1.0, 0.0, 1.0, 1.0, 1.0]
[1.0, 0.0, 1.0, 0.0, 1.0, 0.0, 0.0]
[1.0, 0.0, 1.0, 0.0, 1.0, 1.0, 1.0]
[1.0, 0.0, 1.0, 0.0, 1.0, 1.0, 1.0]
[1.0, 0.0, 1.0, 0.0, 1.0, 1.0, 1.0]
[1.0, 0.0, 1.0, 0.0, 0.0, 0.0, 0.0]
[1.0, 0.0, 1.0, 0.0, 1.0, 0.0, 1.0]
[0.0, 0.0, 0.0, 0.0, 0.0, 0.0, 1.0]
[1.0, 0.0, 1.0, 0.0, 1.0, 0.0, 1.0]
[1.0, 0.0, 0.0, 0.0, 0.0, 0.0, 0.0]
[1.0, 0.0, 1.0, 1.0, 1.0, 0.0, 1.0]
[1.0, 0.0, 1.0, 0.0, 1.0, 0.0, 1.0]
[1.0, 0.0, 1.0, 0.0, 1.0, 0.0, 1.0]
[1.0, 0.0, 1.0, 0.0, 1.0, 1.0, 1.0]
[1.0, 0.0, 1.0, 1.0, 1.0, 1.0, 1.0]
[1.0, 0.0, 1.0, 0.0, 1.0, 1.0, 0.0]
[1.0, 0.0, 1.0, 1.0, 1.0, 0.0, 1.0]
[0.0, 0.0, 0.0, 0.0, 0.0, 0.0, 1.0]
[1.0, 0.0, 1.0, 1.0, 1.0, 1.0, 1.0]
[0.0, 0.0, 1.0, 0.0, 0.0, 0.0, 0.0]
[1.0, 0.0, 1.0, 0.0, 1.0, 0.0, 1.0]
[0.0, 0.0, 1.0, 1.0, 0.0, 0.0, 0.0]
[1.0, 0.0, 1.0, 1.0, 1.0, 1.0, 1.0]
[0.0, 0.0, 0.0, 1.0, 0.0, 0.0, 0.0]
[1.0, 0.0, 1.0, 0.0, 1.0, 1.0, 1.0]
[1.0, 0.0, 1.0, 1.0, 1.0, 0.0, 1.0]
[1.0, 0.0, 1.0, 0.0, 1.0, 0.0, 1.0]
[0.0, 0.0, 0.0, 0.0, 0.0, 0.0, 0.0]
[1.0, 0.0, 1.0, 1.0, 1.0, 1.0, 1.0, 0.0, 1.0, 0.0, 0.0, 0.5, 0.5, 0.5]
[0.0, 0.0, 0.0, 0.0, 1.0, 1.0, 1.0, 0.0, 1.0, 0.0, 0.0, 0.5, 0.5, 0.5]
[1.0, 0.0, 1.0, 0.0, 1.0, 0.0, 1.0, 0.0, 1.0, 0.0, 0.0, 0.5, 0.5, 0.5]
[1.0, 0.0, 1.0, 0.0, 1.0, 1.0, 1.0, 0.0, 1.0, 0.0, 0.0, 0.5, 0.5, 0.5]
[1.0, 0.0, 1.0, 0.0, 1.0, 0.0, 1.0, 0.0, 1.0, 0.0, 0.0, 0.5, 0.5, 0.5]
[1.0, 0.0, 1.0, 0.0, 1.0, 0.0, 1.0, 0.0, 1.0, 0.0, 0.0, 0.5, 0.5, 0.5]
[1.0, 0.0, 1.0, 0.0, 1.0, 1.0, 1.0, 0.0, 1.0, 0.0, 0.0, 0.5, 0.5, 0.5]
[1.0, 0.0, 1.0, 0.0, 1.0, 1.0, 1.0, 0.0, 1.0, 0.0, 0.0, 0.5, 0.5, 0.5]
[1.0, 0.0, 1.0, 1.0, 1.0, 0.0, 1.0, 0.0, 1.0, 0.0, 0.0, 0.5, 0.5, 0.5]
[0.0, 0.0, 1.0, 1.0, 1.0, 0.0, 0.0, 0.0, 1.0, 0.0, 0.0, 0.5, 0.5, 0.5]
[1.0, 0.0, 1.0, 1.0, 1.0, 1.0, 1.0, 0.0, 1.0, 0.0, 0.0, 0.5, 0.5, 0.5]
[1.0, 0.0, 1.0, 1.0, 1.0, 1.0, 1.0, 0.0, 1.0, 0.0, 0.0, 0.5, 0.5, 0.5]
[1.0, 0.0, 1.0, 1.0, 1.0, 1.0, 1.0, 0.0, 1.0, 0.0, 0.0, 0.5, 0.5, 0.5]
[1.0, 0.0, 0.0, 0.0, 1.0, 1.0, 1.0, 0.0, 1.0, 0.0, 0.0, 0.5, 0.5, 0.5]
[1.0, 0.0, 1.0, 1.0, 1.0, 1.0, 1.0, 0.0, 1.0, 0.0, 0.0, 0.5, 0.5, 0.5]
[1.0, 0.0, 0.0, 0.0, 1.0, 1.0, 1.0, 0.0, 1.0, 0.0, 0.0, 0.5, 0.5, 0.5]
[1.0, 0.0, 1.0, 0.0, 1.0, 0.0, 1.0, 0.0, 1.0, 0.0, 0.0, 0.5, 0.5, 0.5]
[0.0, 0.0, 0.0, 0.0, 0.0, 0.0, 0.0, 0.0, 1.0, 0.0, 0.0, 0.5, 0.5, 0.5]
[1.0, 0.0, 1.0, 0.0, 1.0, 0.0, 1.0, 0.0, 1.0, 0.0, 0.0, 0.5, 0.5, 0.5]
[1.0, 0.0, 1.0, 0.0, 0.0, 1.0, 0.0, 0.0, 1.0, 0.0, 0.0, 0.5, 0.5, 0.5]
[1.0, 0.0, 1.0, 1.0, 1.0, 0.0, 1.0, 0.0, 1.0, 0.0, 0.0, 0.5, 0.5, 0.5]
[1.0, 0.0, 0.0, 0.0, 1.0, 1.0, 0.0, 0.0, 1.0, 0.0, 0.0, 0.5, 0.5, 0.5]
[1.0, 0.0, 1.0, 0.0, 1.0, 1.0, 1.0, 0.0, 1.0, 0.0, 0.0, 0.5, 0.5, 0.5]
[0.0, 0.0, 1.0, 1.0, 1.0, 0.0, 0.0, 0.0, 1.0, 0.0, 0.0, 0.5030070507229758, 0.5, 0.5]
[1.0, 0.0, 1.0, 1.0, 1.0, 1.0, 1.0, 0.0, 1.0, 0.0, 0.0, 0.5, 0.5, 0.5]
[1.0, 0.0, 0.0, 0.0, 0.0, 1.0, 1.0, 0.0, 1.0, 0.0, 0.0, 0.4314944535119536, 0.5, 0.5]
[1.0, 0.0, 1.0, 1.0, 1.0, 0.0, 1.0, 0.0, 1.0, 0.0, 0.0, 0.5, 0.5, 0.5]
[1.0, 0.0, 1.0, 0.0, 0.0, 1.0, 0.0, 0.0, 1.0, 0.0, 0.0, 0.5, 0.5, 0.5]
[1.0, 0.0, 1.0, 0.0, 1.0, 0.0, 1.0, 0.0, 1.0, 0.0, 0.0, 0.5, 0.5, 0.5]
[0.0, 0.0, 0.0, 1.0, 1.0, 0.0, 0.0, 0.0, 1.0, 0.0, 0.0, 0.5, 0.5, 0.5]
[1.0, 0.0, 1.0, 1.0, 1.0, 1.0, 1.0, 0.0, 1.0, 0.0, 0.0, 0.5, 0.5, 0.5]
[1.0, 0.0, 1.0, 0.0, 0.0, 1.0, 0.0, 0.0, 1.0, 0.0, 0.0, 0.5, 0.5, 0.5]
[1.0, 0.0, 1.0, 1.0, 1.0, 1.0, 1.0, 0.0, 1.0, 0.0, 1.0, 0.5, 0.5, 0.5]
[1.0, 0.0, 1.0, 0.0, 0.0, 0.0, 0.0, 0.0, 1.0, 0.0, 0.0, 0.5, 0.5, 0.5]
[1.0, 0.0, 1.0, 1.0, 1.0, 1.0, 1.0, 0.0, 1.0, 0.0, 1.0, 0.5, 0.5, 0.5]
[1.0, 0.0, 1.0, 1.0, 1.0, 0.0, 1.0, 0.0, 1.0, 0.0, 0.0, 0.5, 0.5, 0.5]
[1.0, 0.0, 1.0, 0.0, 1.0, 1.0, 1.0, 0.0, 1.0, 0.0, 0.0, 0.5, 0.5, 0.5]
[1.0, 0.0, 1.0, 1.0, 1.0, 1.0, 1.0, 0.0, 1.0, 0.0, 1.0, 0.5, 0.5, 0.5]
[1.0, 0.0, 1.0, 1.0, 1.0, 1.0, 1.0, 0.0, 1.0, 0.0, 1.0, 0.5, 0.5, 0.5]
[0.0, 0.0, 1.0, 0.0, 1.0, 0.0, 1.0, 0.0, 1.0, 0.0, 0.0, 0.5, 0.9260220067632824, 0.5]
[1.0, 0.0, 1.0, 1.0, 1.0, 1.0, 1.0, 0.0, 1.0, 0.0, 1.0, 0.5, 0.5, 0.5]
[1.0, 0.0, 1.0, 1.0, 1.0, 0.0, 1.0, 0.0, 1.0, 0.0, 0.0, 0.5, 0.5, 0.5]
[1.0, 0.0, 1.0, 1.0, 1.0, 1.0, 1.0, 0.0, 1.0, 0.0, 1.0, 0.5, 0.5, 0.5]
[0.0, 0.0, 1.0, 0.0, 1.0, 1.0, 0.0, 0.0, 1.0, 0.0, 0.0, 0.5, 0.5, 0.5]
[1.0, 0.0, 1.0, 1.0, 1.0, 1.0, 1.0, 1.0, 1.0, 1.0, 1.0, 0.731405, 0.931325, 0.762585]
[1.0, 0.0, 1.0, 1.0, 0.0, 0.0, 0.0, 1.0, 0.0, 0.0, 0.0, 0.5, 0.5, 0.5]
[1.0, 0.0, 1.0, 1.0, 1.0, 1.0, 1.0, 1.0, 1.0, 1.0, 1.0, 0.67413, 1.0, 0.6913050000000001]
[0.0, 0.0, 1.0, 1.0, 0.0, 0.0, 1.0, 0.0, 1.0, 0.0, 1.0, 1.0, 1.0, 1.0]
[1.0, 0.0, 1.0, 1.0, 1.0, 1.0, 1.0, 1.0, 1.0, 1.0, 1.0, 0.654445, 0.963725, 0.688195]
[0.0, 0.0, 1.0, 1.0, 1.0, 0.0, 1.0, 1.0, 1.0, 1.0, 1.0, 1.0, 1.0, 1.0]
[1.0, 0.0, 1.0, 1.0, 1.0, 1.0, 1.0, 1.0, 1.0, 1.0, 1.0, 1.0, 1.0, 1.0]
[0.0, 0.0, 1.0, 1.0, 1.0, 0.0, 1.0, 1.0, 0.0, 1.0, 0.0, 0.5, 1.0, 1.0]
[1.0, 0.0, 1.0, 0.0, 1.0, 1.0, 1.0, 1.0, 1.0, 1.0, 1.0, 0.0, 1.0, 0.297205]
[0.0, 0.0, 1.0, 0.0, 1.0, 1.0, 1.0, 1.0, 1.0, 1.0, 1.0, 1.0, 1.0, 0.0]
[1.0, 0.0, 1.0, 1.0, 1.0, 1.0, 1.0, 1.0, 1.0, 1.0, 1.0, 0.7109800000000001, 0.85358, 0.734915]
[1.0, 0.0, 1.0, 0.0, 1.0, 1.0, 1.0, 1.0, 1.0, 1.0, 1.0, 0.42403, 0.5053, 0.722615]
[1.0, 0.0, 1.0, 0.0, 1.0, 0.0, 1.0, 1.0, 1.0, 1.0, 1.0, 0.54364, 0.85799, 0.5392]
[1.0, 0.0, 1.0, 0.0, 1.0, 1.0, 1.0, 1.0, 1.0, 1.0, 1.0, 0.5653, 0.8078349999999999, 0.08955000000000003]
[1.0, 0.0, 1.0, 1.0, 1.0, 0.0, 1.0, 1.0, 1.0, 0.0, 1.0, 0.50566, 0.83396, 0.43019]
[1.0, 0.0, 1.0, 0.0, 1.0, 1.0, 1.0, 1.0, 1.0, 0.0, 1.0, 0.41591, 0.9090450000000002, 0.547795]
[1.0, 0.0, 1.0, 0.0, 1.0, 0.0, 1.0, 1.0, 1.0, 0.0, 1.0, 0.57059, 0.7333349999999998, 0.541175]
[1.0, 0.0, 1.0, 1.0, 1.0, 1.0, 1.0, 1.0, 0.0, 1.0, 1.0, 0.68097, 0.404545, 0.66818]
[1.0, 0.0, 1.0, 0.0, 1.0, 1.0, 1.0, 1.0, 1.0, 1.0, 1.0, 0.47854, 0.925965, 0.625]
[1.0, 0.0, 1.0, 0.0, 0.0, 0.0, 0.0, 0.0, 1.0, 1.0, 1.0, 0.496185, 0.40753, 0.81983]
[1.0, 0.0, 1.0, 0.0, 1.0, 1.0, 1.0, 1.0, 1.0, 1.0, 1.0, 0.6347849999999999, 0.78913, 0.384785]
[1.0, 0.0, 0.0, 1.0, 0.0, 1.0, 1.0, 0.0, 1.0, 0.0, 1.0, 0.42415, 0.73684, 0.54489]
[1.0, 0.0, 1.0, 1.0, 1.0, 1.0, 1.0, 0.0, 1.0, 1.0, 1.0, 0.41681, 0.73684, 0.47623]
[1.0, 0.0, 1.0, 1.0, 0.0, 0.0, 1.0, 1.0, 1.0, 1.0, 1.0, 0.997785, 0.487805, 0.766075]
[1.0, 0.0, 1.0, 1.0, 1.0, 1.0, 1.0, 1.0, 1.0, 1.0, 1.0, 0.90576, 0.62206, 0.9374650000000002]
[1.0, 0.0, 1.0, 1.0, 1.0, 1.0, 1.0, 1.0, 1.0, 1.0, 1.0, 0.963215, 0.551445, 0.969725]
[1.0, 0.0, 0.0, 0.0, 0.0, 0.0, 1.0, 0.0, 1.0, 1.0, 0.0, 0.29316, 0.5, 0.5]
[1.0, 0.0, 1.0, 1.0, 1.0, 1.0, 1.0, 1.0, 1.0, 1.0, 1.0, 0.65576, 0.8796699999999998, 0.53674, 1.0, 0.3267, 1.0, 0.305735, 1.0, 0.28569, 0.5]
[1.0, 0.0, 1.0, 0.0, 0.0, 0.0, 1.0, 0.0, 1.0, 1.0, 0.0, 0.025735000000000063, 0.5, 0.5, 1.0, 0.3267, 1.0, 0.305735, 1.0, 0.28569, 0.5]
[1.0, 0.0, 1.0, 1.0, 1.0, 0.0, 1.0, 0.0, 1.0, 0.0, 1.0, 0.46454, 0.995865, 0.45499, 1.0, 0.3267, 1.0, 0.305735, 1.0, 0.28569, 0.5]
[0.0, 0.0, 0.0, 0.0, 0.0, 0.0, 0.0, 0.0, 0.0, 0.0, 0.0, 0.5, 0.5, 0.5, 1.0, 0.3267, 1.0, 0.305735, 1.0, 0.28569, 0.5]
[1.0, 0.0, 1.0, 0.0, 1.0, 0.0, 1.0, 0.0, 1.0, 1.0, 1.0, 0.49438, 0.917715, 0.376405, 1.0, 0.3267, 1.0, 0.305735, 1.0, 0.28569, 0.5]
[1.0, 0.0, 1.0, 0.0, 0.0, 0.0, 1.0, 0.0, 1.0, 1.0, 1.0, 0.532195, 0.67424, 0.07576000000000005, 1.0, 0.3267, 1.0, 0.305735, 1.0, 0.28569, 0.5]
[1.0, 0.0, 1.0, 0.0, 1.0, 0.0, 1.0, 0.0, 1.0, 1.0, 1.0, 0.44948, 1.0, 0.437535, 1.0, 0.3267, 1.0, 0.305735, 1.0, 0.28569, 0.5]
[1.0, 0.0, 0.0, 0.0, 0.0, 0.0, 0.0, 0.0, 0.0, 0.0, 1.0, 1.0, 0.5, 0.5, 1.0, 0.3267, 1.0, 0.305735, 1.0, 0.28569, 0.5]
[1.0, 0.0, 1.0, 1.0, 1.0, 0.0, 1.0, 0.0, 1.0, 0.0, 1.0, 0.46252, 0.926105, 0.51483, 1.0, 0.3267, 1.0, 0.305735, 1.0, 0.28569, 0.5]
[1.0, 0.0, 1.0, 1.0, 0.0, 0.0, 0.0, 0.0, 1.0, 1.0, 1.0, 1.0, 0.5, 0.5, 1.0, 0.3267, 1.0, 0.305735, 1.0, 0.28569, 0.5]
[1.0, 0.0, 1.0, 0.0, 1.0, 0.0, 1.0, 0.0, 1.0, 0.0, 1.0, 0.383855, 0.81445, 0.06798999999999994, 1.0, 0.3267, 1.0, 0.305735, 1.0, 0.28569, 0.5]
[1.0, 0.0, 1.0, 0.0, 0.0, 0.0, 0.0, 0.0, 1.0, 1.0, 1.0, 0.35985, 0.5, 0.5, 1.0, 0.3267, 1.0, 0.305735, 1.0, 0.28569, 0.5]
[1.0, 0.0, 1.0, 1.0, 1.0, 1.0, 1.0, 1.0, 1.0, 1.0, 1.0, 0.907665, 0.598085, 0.928355, 1.0, 0.3267, 1.0, 0.305735, 1.0, 0.28569, 0.5]
[1.0, 0.0, 1.0, 0.0, 0.0, 0.0, 1.0, 0.0, 1.0, 1.0, 1.0, 0.82, 0.5, 0.5, 1.0, 0.3267, 1.0, 0.305735, 1.0, 0.28569, 0.5]
[1.0, 0.0, 1.0, 1.0, 1.0, 1.0, 1.0, 1.0, 1.0, 1.0, 1.0, 0.95865, 0.547335, 0.94124, 1.0, 0.3267, 1.0, 0.305735, 1.0, 0.28569, 0.5]
[1.0, 0.0, 1.0, 1.0, 0.0, 1.0, 0.0, 1.0, 1.0, 1.0, 0.0, 0.448795, 0.48421, 0.45515, 0.8377756754984778, 0.3267, 1.0, 0.305735, 1.0, 0.28569, 0.5]
[1.0, 0.0, 1.0, 0.0, 1.0, 1.0, 1.0, 1.0, 1.0, 1.0, 1.0, 0.511905, 0.65476, 0.47619, 1.0, 0.3267, 1.0, 0.305735, 1.0, 0.28569, 0.5]
[1.0, 0.0, 1.0, 0.0, 1.0, 1.0, 1.0, 0.0, 1.0, 1.0, 1.0, 0.483605, 0.8606549999999998, 0.5, 1.0, 0.3267, 1.0, 0.305735, 1.0, 0.28569, 0.5]
[1.0, 0.0, 1.0, 0.0, 1.0, 1.0, 1.0, 1.0, 1.0, 0.0, 1.0, 0.522725, 0.8967149999999998, 0.54218, 1.0, 0.3267, 1.0, 0.305735, 1.0, 0.28569, 0.5]
[1.0, 0.0, 1.0, 1.0, 0.0, 1.0, 0.0, 0.0, 1.0, 1.0, 1.0, 0.70238, 0.16385, 0.653645, 1.0, 0.3267, 1.0, 0.305735, 1.0, 0.28569, 0.4999999370553092]
[1.0, 0.0, 1.0, 0.0, 1.0, 0.0, 1.0, 0.0, 1.0, 1.0, 1.0, 0.46778, 1.0, 0.463565, 1.0, 0.3267, 1.0, 0.22776508724489836, 1.0, 0.20480058835508058, 0.5]
[1.0, 0.0, 1.0, 0.0, 1.0, 0.0, 1.0, 0.0, 1.0, 0.0, 1.0, 0.472725, 0.645455, 0.645455, 1.0, 0.3267, 1.0, 0.305735, 1.0, 0.28569, 0.5]
[1.0, 0.0, 1.0, 0.0, 1.0, 1.0, 1.0, 0.0, 1.0, 0.0, 1.0, 0.49973, 0.726415, 0.537735, 1.0, 0.3267, 1.0, 0.305735, 1.0, 0.28569, 0.5]
[1.0, 0.0, 1.0, 1.0, 0.0, 0.0, 1.0, 0.0, 1.0, 0.0, 0.0, 0.56404, 0.6666650000000001, 0.5, 1.0, 0.3267, 1.0, 0.305735, 1.0, 0.28569, 0.5]
[1.0, 0.0, 1.0, 1.0, 1.0, 0.0, 1.0, 0.0, 1.0, 0.0, 1.0, 0.5, 0.6458349999999999, 0.552085, 1.0, 0.3267, 1.0, 0.305735, 1.0, 0.28569, 0.5]
[1.0, 0.0, 1.0, 1.0, 0.0, 0.0, 0.0, 0.0, 0.0, 0.0, 1.0, 0.05451000000000006, 0.24248, 0.727445, 1.0, 0.3267, 1.0, 0.305735, 1.0, 0.28569, 0.5]
[1.0, 0.0, 1.0, 1.0, 1.0, 1.0, 1.0, 1.0, 1.0, 0.0, 1.0, 0.8066, 0.889685, 0.67164, 1.0, 0.3267, 1.0, 0.305735, 1.0, 0.28569, 0.5]
[1.0, 0.0, 1.0, 1.0, 1.0, 1.0, 1.0, 1.0, 1.0, 0.0, 1.0, 0.539905, 0.9791200000000002, 0.07136499999999996, 1.0, 0.3267, 1.0, 0.305735, 1.0, 0.28569, 0.5]
[1.0, 0.0, 1.0, 1.0, 1.0, 0.0, 1.0, 1.0, 1.0, 0.0, 1.0, 0.48642, 0.9899, 0.48452, 1.0, 0.3267, 1.0, 0.305735, 1.0, 0.29700996132002494, 0.5102888068292534]
[1.0, 0.0, 0.0, 0.0, 0.0, 1.0, 0.0, 0.0, 1.0, 0.0, 1.0, 0.656925, 0.36976, 0.20394, 0.7770300436129747, 0.3267, 1.0, 0.32671613018845025, 1.0, 0.28569, 0.0]
[1.0, 0.0, 1.0, 1.0, 1.0, 1.0, 1.0, 0.0, 1.0, 0.0, 1.0, 0.48245, 1.0, 0.493645, 1.0, 0.3267, 1.0, 0.5191533481314294, 1.0, 0.5211395169339923, 0.5]
[1.0, 0.0, 0.0, 0.0, 1.0, 0.0, 1.0, 0.0, 0.0, 0.0, 1.0, 0.536485, 1.0, 0.4, 1.0, 0.0, 1.0, 0.305735, 1.0, 0.28569, 0.5]
[1.0, 0.0, 1.0, 1.0, 1.0, 0.0, 1.0, 1.0, 1.0, 1.0, 1.0, 0.523775, 0.609755, 0.52439, 1.0, 0.3267, 1.0, 0.305735, 1.0, 0.28569, 0.5]
[1.0, 0.0, 1.0, 1.0, 1.0, 0.0, 0.0, 0.0, 0.0, 0.0, 1.0, 1.0, 1.0, 0.0, 1.0, 0.0, 1.0, 0.305735, 1.0, 0.28569, 0.5]
[1.0, 0.0, 1.0, 1.0, 1.0, 1.0, 1.0, 1.0, 1.0, 1.0, 1.0, 0.7959199999999998, 0.561225, 0.7755099999999998, 1.0, 0.3267, 1.0, 0.305735, 1.0, 0.28569, 0.5]
[1.0, 0.0, 0.0, 0.0, 1.0, 0.0, 0.0, 0.0, 0.0, 0.0, 1.0, 1.0, 1.0, 0.37329, 1.0, 0.0, 1.0, 0.305735, 1.0, 0.28569, 0.5]
[1.0, 0.0, 1.0, 1.0, 1.0, 1.0, 1.0, 1.0, 1.0, 1.0, 1.0, 0.944855, 0.48897, 0.9301450000000001, 0.7755407736069957, 0.5003020524474817, 0.916876128260278, 0.305735, 1.0, 0.28569, 0.5]
[1.0, 0.0, 0.0, 1.0, 1.0, 1.0, 0.0, 0.0, 0.0, 1.0, 0.0, 1.0, 0.091505, 0.669935, 0.0, 0.3267, 0.5, 0.305735, 0.5002183571665237, 0.28569, 0.5]
[1.0, 0.0, 1.0, 0.0, 1.0, 0.0, 1.0, 0.0, 1.0, 1.0, 1.0, 0.508335, 0.858335, 0.541665, 1.0, 0.3267, 1.0, 0.305735, 1.0, 0.30121989065854715, 0.5]
[1.0, 0.0, 0.0, 1.0, 0.0, 1.0, 0.0, 0.0, 1.0, 0.0, 1.0, 0.512875, 0.495575, 0.51363, 0.8898737921717402, 0.3267, 0.9347535390245266, 0.305735, 1.0, 0.28569, 0.3253211549001098]
[1.0, 0.0, 1.0, 0.0, 1.0, 1.0, 1.0, 0.0, 1.0, 1.0, 1.0, 0.364865, 0.756755, 0.5, 1.0, 0.41599018156455625, 1.0, 0.471690460298632, 0.9591814520394751, 0.4582023400071943, 0.5]
[1.0, 0.0, 1.0, 0.0, 0.0, 0.0, 0.0, 0.0, 1.0, 1.0, 1.0, 0.490235, 0.0, 0.58203, 0.5356479110069012, 0.35525292519745766, 1.0, 0.49009579655893987, 0.9378600757986097, 0.5, 0.5]
[1.0, 0.0, 1.0, 1.0, 1.0, 0.0, 1.0, 1.0, 1.0, 0.0, 1.0, 0.5026, 0.978325, 0.48468, 1.0, 0.3267, 0.8997547711137481, 0.47232736221150395, 1.0, 0.28569, 0.5]
[1.0, 0.0, 1.0, 0.0, 1.0, 0.0, 1.0, 0.0, 1.0, 0.0, 1.0, 0.37144, 0.583335, 0.444445, 1.0, 0.3267, 1.0, 0.305735, 1.0, 0.28569, 0.5]
[1.0, 0.0, 1.0, 0.0, 1.0, 0.0, 1.0, 0.0, 1.0, 0.0, 1.0, 0.481555, 0.508535, 0.488085, 0.503705, 0.49259, 0.501405, 0.495535, 0.50039, 0.497385, 0.499985]
[1.0, 0.0, 1.0, 0.0, 1.0, 0.0, 1.0, 0.0, 1.0, 0.0, 1.0, 0.441175, 0.8333349999999998, 0.431375, 0.8235300000000002, 0.45098, 0.77451, 0.441175, 0.77451, 0.392155, 0.7941199999999998]
[1.0, 0.0, 1.0, 1.0, 1.0, 1.0, 1.0, 1.0, 1.0, 1.0, 1.0, 0.57461, 0.488165, 0.55094, 0.481575, 0.531585, 0.48117, 0.51729, 0.48385, 0.50766, 0.48763]
[1.0, 0.0, 0.0, 1.0, 1.0, 0.0, 0.0, 1.0, 1.0, 1.0, 1.0, 0.5, 0.484375, 0.546875, 0.53125, 0.5, 0.578125, 0.421875, 0.71875, 0.3125, 0.5]
[1.0, 0.0, 1.0, 0.0, 1.0, 0.0, 1.0, 0.0, 1.0, 0.0, 1.0, 0.483785, 0.994595, 0.543245, 1.0, 0.46757, 0.975675, 0.545945, 0.98919, 0.497295, 1.0]
[1.0, 0.0, 1.0, 1.0, 1.0, 1.0, 1.0, 1.0, 1.0, 0.0, 1.0, 0.51938, 1.0, 0.635765, 1.0, 1.0, 0.906975, 0.523255, 0.95349, 0.55814, 1.0]
[1.0, 0.0, 1.0, 0.0, 1.0, 1.0, 1.0, 1.0, 1.0, 1.0, 1.0, 0.49198, 1.0, 0.5, 1.0, 0.532085, 1.0, 0.524065, 0.95722, 0.52139, 0.983955]
[1.0, 0.0, 0.0, 1.0, 1.0, 1.0, 1.0, 1.0, 1.0, 1.0, 1.0, 0.326915, 0.54625, 0.6375, 0.4525, 0.605, 0.45625, 0.6174999999999999, 0.329065, 0.6570400000000001, 0.26]
[1.0, 0.0, 1.0, 1.0, 1.0, 1.0, 1.0, 1.0, 1.0, 0.0, 1.0, 0.5, 0.9, 0.5, 0.866665, 0.5, 0.8499999999999999, 0.55, 0.8333349999999998, 0.55, 0.866665]
[1.0, 0.0, 1.0, 0.0, 1.0, 1.0, 0.0, 0.0, 1.0, 0.0, 1.0, 0.46229, 0.497205, 0.526535, 0.532125, 0.48324, 0.5, 0.547485, 0.467875, 0.53771, 0.476255]
[1.0, 0.0, 1.0, 1.0, 1.0, 1.0, 1.0, 1.0, 1.0, 1.0, 0.0, 0.922375, 0.26178, 0.7803949999999998, 0.120595, 0.708715, 0.167725, 0.53604, 0.17286999999999997, 0.402375, 0.237625]
[1.0, 0.0, 1.0, 1.0, 0.0, 1.0, 1.0, 1.0, 0.0, 1.0, 1.0, 0.466955, 0.48132, 0.52155, 0.458335, 0.47701, 0.452585, 0.54023, 0.479885, 0.52586, 0.510055]
[1.0, 0.0, 1.0, 0.0, 1.0, 1.0, 1.0, 1.0, 1.0, 1.0, 1.0, 0.495075, 0.91675, 0.516255, 0.925615, 0.508375, 0.900495, 0.49606, 0.8955649999999998, 0.48522, 0.8798049999999998]
[1.0, 0.0, 1.0, 1.0, 1.0, 0.0, 1.0, 0.0, 1.0, 0.0, 0.0, 0.49358, 0.507135, 0.48859, 0.5, 0.483595, 0.47646, 0.485735, 0.49144, 0.51783, 0.5107]
[1.0, 0.0, 1.0, 1.0, 1.0, 1.0, 1.0, 1.0, 1.0, 1.0, 0.0, 0.76984, 0.329365, 0.656085, 0.29365, 0.6627000000000001, 0.24206500000000003, 0.53439, 0.25, 0.4418, 0.425925]
[1.0, 0.0, 1.0, 1.0, 1.0, 0.0, 1.0, 0.0, 1.0, 0.0, 1.0, 0.49428, 0.561785, 0.5389, 0.573225, 0.432495, 0.64531, 0.475975, 0.594965, 0.536615, 0.55835]
[1.0, 0.0, 1.0, 1.0, 1.0, 1.0, 1.0, 1.0, 0.0, 1.0, 0.0, 0.71024, 0.119745, 0.5, 0.18647, 0.344605, 0.308045, 0.189215, 0.436015, 0.153565, 0.749545]
[1.0, 0.0, 1.0, 1.0, 1.0, 0.0, 1.0, 1.0, 1.0, 1.0, 1.0, 0.500705, 0.509875, 0.484485, 0.490125, 0.530325, 0.47955, 0.5134, 0.48801, 0.497885, 0.52186]
[1.0, 0.0, 1.0, 1.0, 1.0, 0.0, 1.0, 0.0, 1.0, 1.0, 1.0, 0.559745, 0.940255, 0.46938, 0.89171, 0.51755, 0.918595, 0.46602, 0.91785, 0.42905, 0.940625]
[1.0, 0.0, 1.0, 0.0, 1.0, 1.0, 0.0, 1.0, 1.0, 0.0, 1.0, 0.0, 0.0, 0.0, 0.0, 1.0, 1.0, 1.0, 1.0, 1.0, 0.0]
[1.0, 0.0, 1.0, 1.0, 1.0, 1.0, 1.0, 1.0, 0.0, 1.0, 0.0, 0.7499, 0.03453999999999996, 0.55384, 0.07049999999999995, 0.34478, 0.16985, 0.22369, 0.4037, 0.06968500000000005, 0.64222]
[1.0, 0.0, 1.0, 1.0, 1.0, 1.0, 1.0, 0.0, 1.0, 1.0, 1.0, 0.515625, 1.0, 1.0, 0.5, 0.5, 1.0, 0.0, 1.0, 1.0, 1.0]
[1.0, 0.0, 1.0, 1.0, 1.0, 1.0, 1.0, 1.0, 0.0, 1.0, 0.0, 0.7941199999999998, 0.0, 0.558825, 0.019610000000000016, 0.333335, 0.17646999999999996, 0.15686500000000003, 0.382355, 0.06862499999999999, 0.67647]
[1.0, 0.0, 0.0, 0.0, 0.0, 0.0, 0.0, 1.0, 0.0, 0.0, 0.0, 1.0, 1.0, 1.0, 1.0, 0.0, 0.5, 0.5, 0.5, 0.5, 0.0]
[1.0, 0.0, 1.0, 1.0, 1.0, 1.0, 0.0, 1.0, 0.0, 1.0, 0.0, 0.6666650000000001, 0.0, 0.444445, 0.0, 0.38889, 0.166665, 0.11110999999999999, 0.77778, 0.0, 0.38889]
[0.0, 0.0, 0.0, 0.0, 0.0, 0.0, 0.0, 0.0, 0.0, 0.0, 0.0, 0.5, 0.5, 0.5, 0.5, 0.5, 0.5, 0.5, 0.5, 0.5, 0.5]
[1.0, 0.0, 1.0, 0.0, 1.0, 0.0, 1.0, 1.0, 1.0, 0.0, 1.0, 0.56047, 0.945335, 0.5710500000000001, 0.93461, 0.58114, 0.875, 0.625, 0.875, 0.75, 0.875]
[0.0, 0.0, 0.0, 1.0, 1.0, 1.0, 0.0, 0.0, 1.0, 0.0, 1.0, 0.0, 1.0, 0.0, 0.0, 0.0, 0.5, 0.5, 0.0, 0.0, 0.5, 0.35714500000000005, 1.0, 2.0, 3.0, 1.0, 4.0, 2.0]
[1.0, 0.0, 1.0, 0.0, 1.0, 0.0, 1.0, 1.0, 1.0, 0.0, 1.0, 0.444445, 1.0, 0.38889, 0.8888899999999998, 0.5, 0.8888899999999998, 0.5, 1.0, 0.444445, 0.8888899999999998, 0.35714500000000005, 1.0, 2.0, 3.0, 1.0, 4.0, 2.0]
[0.0, 0.0, 0.0, 0.0, 0.0, 0.0, 0.0, 0.0, 0.0, 0.0, 0.0, 0.5, 0.0, 0.0, 0.5, 0.5, 1.0, 0.875, 0.5, 0.5, 0.5, 0.35714500000000005, 1.0, 2.0, 3.0, 1.0, 4.0, 2.0]
[1.0, 0.0, 1.0, 1.0, 1.0, 0.0, 1.0, 1.0, 1.0, 0.0, 1.0, 0.5, 1.0, 0.363635, 1.0, 0.40909, 1.0, 0.545455, 1.0, 0.5, 1.0, 0.35714500000000005, 1.0, 2.0, 4.0, 1.0, 4.0, 2.0]
[1.0, 0.0, 1.0, 0.0, 0.0, 0.0, 0.0, 0.0, 1.0, 1.0, 1.0, 0.69697, 0.46212, 0.7594699999999999, 0.68182, 0.657195, 0.23106, 0.664775, 0.560605, 0.426135, 0.50947, 0.35714500000000005, 1.0, 2.0, 3.0, 1.0, 4.0, 2.0]
[1.0, 0.0, 1.0, 1.0, 1.0, 1.0, 1.0, 1.0, 1.0, 1.0, 1.0, 0.617645, 1.0, 0.558825, 1.0, 0.735295, 1.0, 0.47059, 1.0, 0.441175, 1.0, 0.35714500000000005, 1.0, 2.0, 3.0, 1.0, 4.0, 4.0]
[1.0, 0.0, 0.0, 0.0, 0.0, 0.0, 1.0, 1.0, 1.0, 0.0, 0.0, 0.31915, 0.56383, 0.204785, 1.0, 0.0, 0.5, 0.5, 0.914895, 0.460105, 0.375, 0.35714500000000005, 1.0, 2.0, 3.0, 1.0, 4.0, 2.0]
[1.0, 0.0, 1.0, 1.0, 1.0, 0.0, 1.0, 1.0, 1.0, 0.0, 1.0, 0.520835, 0.916665, 0.5625, 0.854165, 0.5, 0.9375, 0.520835, 1.0, 0.541665, 0.8333349999999998, 0.35714500000000005, 1.0, 2.0, 3.0, 1.0, 4.0, 2.0]
[1.0, 0.0, 1.0, 0.0, 0.0, 0.0, 0.0, 0.0, 0.0, 0.0, 0.0, 0.5, 0.55769, 0.404645, 0.5, 0.5, 0.5, 0.5, 0.5, 0.5, 0.5, 0.35714500000000005, 1.0, 2.0, 3.0, 1.0, 4.0, 2.0]
[1.0, 0.0, 1.0, 0.0, 1.0, 0.0, 1.0, 0.0, 1.0, 0.0, 1.0, 0.328595, 0.92894, 0.263675, 0.95952, 0.25915, 0.8654199999999999, 0.17388000000000003, 0.840655, 0.18228, 0.91225, 0.35714500000000005, 1.0, 2.0, 3.0, 1.0, 4.0, 2.0]
[1.0, 0.0, 1.0, 1.0, 0.0, 1.0, 0.0, 0.0, 1.0, 1.0, 1.0, 0.53509, 0.614035, 0.52851, 0.67544, 0.673245, 0.864035, 0.480265, 0.614035, 0.7653499999999999, 0.5, 0.35714500000000005, 1.0, 2.0, 3.0, 1.0, 4.0, 2.0]
[1.0, 0.0, 1.0, 1.0, 1.0, 1.0, 1.0, 0.0, 1.0, 0.0, 1.0, 0.379615, 0.869275, 0.347305, 0.85746, 0.31960999999999995, 0.73597, 0.19405500000000003, 0.702365, 0.22470500000000004, 0.8052049999999998, 0.35714500000000005, 1.0, 2.0, 3.0, 1.0, 4.0, 2.0]
[0.0, 0.0, 0.0, 1.0, 1.0, 0.0, 0.0, 0.0, 0.0, 0.0, 1.0, 0.0, 1.0, 1.0, 0.5, 0.5, 1.0, 0.0, 0.5, 0.5, 0.5, 0.35714500000000005, 1.0, 2.0, 3.0, 0.0, 4.0, 2.0]
[1.0, 0.0, 1.0, 0.0, 1.0, 0.0, 1.0, 0.0, 1.0, 0.0, 1.0, 0.355455, 0.85151, 0.25180500000000006, 0.81669, 0.250165, 0.6862699999999999, 0.146355, 0.63535, 0.139455, 0.70253, 0.35714500000000005, 1.0, 2.0, 3.0, 1.0, 4.0, 2.0]
[1.0, 0.0, 0.0, 0.0, 0.0, 1.0, 1.0, 0.0, 1.0, 1.0, 0.0, 0.5, 0.6197900000000001, 0.0, 1.0, 1.0, 0.5, 0.5, 1.0, 1.0, 1.0, 0.35714500000000005, 1.0, 2.0, 4.0, 1.0, 4.0, 2.0]
[1.0, 0.0, 1.0, 1.0, 1.0, 1.0, 1.0, 1.0, 0.0, 1.0, 0.0, 0.8059050000000002, 0.03058999999999995, 0.597045, 0.06645500000000004, 0.372365, 0.185655, 0.17193999999999998, 0.374475, 0.07173000000000002, 0.581225, 0.35714500000000005, 0.7290552542476032, 2.0, 3.0, 1.0, 4.0, 2.0]
[1.0, 0.0, 1.0, 1.0, 0.0, 0.0, 1.0, 0.0, 0.0, 0.0, 1.0, 1.0, 1.0, 0.0, 0.5, 0.5, 1.0, 0.0, 1.0, 1.0, 0.5, 0.35714500000000005, 1.0, 4.0, 2.0, 1.0, 4.0, 2.0]
[1.0, 0.0, 1.0, 1.0, 1.0, 1.0, 1.0, 1.0, 0.0, 1.0, 0.0, 1.0, 0.5, 1.0, 0.0, 1.0, 0.0, 0.5, 0.0, 0.166665, 0.0, 0.3245334740718766, 0.7383087455513284, 2.0, 3.0, 1.0, 4.0, 2.0]
[0.0, 0.0, 0.0, 1.0, 0.0, 0.0, 0.0, 0.0, 0.0, 1.0, 1.0, 0.0, 0.0, 0.0, 0.0, 1.0, 0.5, 0.5, 0.0, 0.0, 0.0, 0.35714500000000005, 1.0, 2.0, 3.0, 1.0, 4.0, 2.0]
[1.0, 0.0, 1.0, 1.0, 1.0, 1.0, 1.0, 1.0, 1.0, 0.0, 1.0, 0.6974750000000001, 1.0, 0.744905, 1.0, 0.79493, 0.3125, 1.0, 1.0, 0.5, 1.0, 0.35714500000000005, 1.0, 2.0, 4.0, 1.0, 4.0, 2.0]
[0.0, 0.0, 0.0, 0.0, 0.0, 0.0, 0.0, 0.0, 0.0, 0.0, 0.0, 0.5, 0.5, 0.5, 1.0, 0.0, 0.5, 0.5, 0.0, 0.0, 0.5, 0.35714500000000005, 1.0, 2.0, 3.0, 3.0, 4.0, 2.0]
[1.0, 0.0, 1.0, 0.0, 1.0, 0.0, 0.0, 0.0, 1.0, 1.0, 1.0, 0.368305, 0.644655, 0.340015, 0.517295, 0.405265, 0.601345, 0.352795, 0.5759799999999999, 0.35474, 0.547565, 0.35714500000000005, 1.0, 2.0, 3.0, 1.0, 4.0, 2.0]
[1.0, 0.0, 0.0, 0.0, 0.0, 0.0, 0.0, 0.0, 0.0, 0.0, 1.0, 0.333335, 0.583335, 0.6302099999999999, 0.5, 0.5, 0.5, 0.5, 0.5, 0.5, 0.40104, 0.35714500000000005, 1.0, 2.0, 3.0, 1.0, 4.0, 2.0]
[1.0, 0.0, 1.0, 1.0, 1.0, 1.0, 1.0, 1.0, 1.0, 0.0, 1.0, 0.773505, 0.9021300000000002, 0.626415, 0.868905, 0.6369, 0.8338749999999998, 0.64357, 0.7980749999999999, 0.64652, 0.76247, 0.35714500000000005, 1.0, 2.0, 3.0, 1.0, 4.0, 2.0]
[1.0, 0.0, 1.0, 0.0, 0.0, 0.0, 0.0, 0.0, 1.0, 1.0, 1.0, 0.88095, 0.0, 0.0, 0.0, 1.0, 0.73682, 1.0, 1.0, 1.0, 0.844195, 0.35714500000000005, 1.0, 4.0, 3.0, 1.0, 4.0, 2.0]
[1.0, 0.0, 1.0, 0.0, 1.0, 1.0, 1.0, 0.0, 1.0, 1.0, 1.0, 0.545305, 0.99838, 0.54086, 0.95793, 0.525485, 0.92314, 0.37338, 0.936895, 0.42759, 0.924355, 0.35714500000000005, 1.0, 2.0, 3.0, 1.0, 4.0, 2.0]
[1.0, 0.0, 1.0, 0.0, 1.0, 1.0, 1.0, 1.0, 1.0, 0.0, 1.0, 1.0, 1.0, 1.0, 1.0, 1.0, 0.5, 0.5, 1.0, 1.0, 1.0, 0.35714500000000005, 1.0, 2.0, 3.0, 1.0, 4.0, 4.0]
[1.0, 0.0, 1.0, 1.0, 1.0, 0.0, 1.0, 0.0, 1.0, 1.0, 1.0, 0.6391, 0.9906, 0.465695, 1.0, 0.53305, 0.97901, 0.40523, 0.91792, 0.421835, 0.9870000000000002, 0.4979929451735364, 1.0, 2.0, 3.0, 1.0, 4.0, 2.0]
[1.0, 0.0, 1.0, 0.0, 0.0, 0.0, 0.0, 1.0, 1.0, 1.0, 1.0, 0.30645, 0.0, 0.103435, 0.451615, 1.0, 0.7434199999999999, 0.73251, 0.658775, 0.362695, 0.428285, 0.35714500000000005, 1.0, 2.0, 3.0, 1.0, 4.0, 2.0]
[1.0, 0.0, 1.0, 1.0, 1.0, 0.0, 1.0, 0.0, 1.0, 0.0, 1.0, 0.603315, 0.998725, 0.510525, 0.99107, 0.512435, 1.0, 0.43463, 0.978315, 0.538585, 1.0, 0.41751330150047195, 1.0, 2.0, 3.0, 1.0, 4.0, 2.0]
[0.0, 0.0, 0.0, 0.0, 0.0, 0.0, 0.0, 0.0, 0.0, 0.0, 0.0, 0.5, 1.0, 1.0, 1.0, 1.0, 1.0, 0.0, 0.5, 0.5, 1.0, 0.35714500000000005, 1.0, 2.0, 3.0, 1.0, 4.0, 2.0]
[1.0, 0.0, 1.0, 0.0, 1.0, 0.0, 1.0, 0.0, 1.0, 0.0, 1.0, 0.254715, 0.95409, 0.279405, 0.878615, 0.205505, 0.84874, 0.209905, 0.798115, 0.21210500000000004, 0.842295, 0.35714500000000005, 1.0, 2.0, 3.0, 1.0, 4.0, 2.0]
[1.0, 0.0, 0.0, 0.0, 0.0, 0.0, 0.0, 0.0, 0.0, 0.0, 0.0, 0.5, 1.0, 0.0, 0.5, 0.5, 0.0, 0.0, 0.0, 0.0, 1.0, 0.35714500000000005, 0.5357217516207041, 2.0, 2.0, 1.0, 2.0, 2.0]
[1.0, 0.0, 1.0, 1.0, 1.0, 0.0, 1.0, 0.0, 1.0, 0.0, 1.0, 0.5, 1.0, 0.522725, 0.954545, 0.477275, 1.0, 0.5, 1.0, 0.5, 0.93182, 0.35714500000000005, 1.0, 2.0, 4.0, 0.0, 4.0, 2.0]
[0.0, 0.0, 0.0, 0.0, 0.0, 1.0, 1.0, 1.0, 0.0, 0.0, 0.0, 0.5, 0.0, 0.0, 0.0, 0.34375, 0.0, 0.0, 1.0, 0.0, 1.0, 0.016948647791635973, 1.0, 0.0, 3.0, 1.0, 4.0, 4.0]
[1.0, 0.0, 1.0, 0.0, 1.0, 1.0, 1.0, 1.0, 1.0, 0.0, 1.0, 0.411765, 0.985295, 0.57353, 0.97059, 0.514705, 1.0, 0.5, 1.0, 0.5, 0.882355, 0.35714500000000005, 1.0, 2.0, 3.0, 1.0, 4.0, 2.0]
[1.0, 0.0, 0.0, 1.0, 0.0, 1.0, 1.0, 1.0, 0.0, 1.0, 0.0, 0.0, 1.0, 1.0, 0.0, 0.38262, 0.641505, 0.0, 1.0, 1.0, 0.34299, 0.35714500000000005, 1.0, 0.0, 2.0, 0.0, 4.0, 1.0]
[1.0, 0.0, 1.0, 0.0, 1.0, 1.0, 1.0, 1.0, 1.0, 0.0, 1.0, 0.5, 0.89928, 0.52514, 0.891575, 0.52878, 0.921055, 0.73684, 1.0, 0.526315, 0.86275, 0.35714500000000005, 1.0, 2.0, 3.0, 1.0, 4.0, 2.0]
[1.0, 0.0, 0.0, 0.0, 0.0, 0.0, 0.0, 1.0, 0.0, 0.0, 0.0, 0.5, 0.5, 0.5, 0.5, 0.5, 0.5, 0.5, 0.65705, 0.964745, 0.32372, 0.35714500000000005, 1.0, 2.0, 2.0, 2.0, 4.0, 2.0]
[1.0, 0.0, 1.0, 1.0, 1.0, 1.0, 1.0, 1.0, 1.0, 0.0, 1.0, 0.5, 0.90909, 0.272725, 0.81818, 0.6363650000000001, 1.0, 0.18182, 1.0, 0.363635, 0.954545, 0.35714500000000005, 1.0, 2.0, 3.0, 1.0, 4.0, 2.0]
[0.0, 0.0, 0.0, 0.0, 1.0, 0.0, 0.0, 1.0, 0.0, 0.0, 1.0, 0.0, 1.0, 0.0, 0.5, 0.5, 0.5, 0.5, 0.5, 0.5, 0.0, 0.9656364170359588, 1.0, 3.0, 2.0, 2.0, 4.0, 2.0]
[1.0, 0.0, 1.0, 1.0, 1.0, 1.0, 1.0, 1.0, 1.0, 0.0, 1.0, 0.454545, 0.727275, 0.454545, 0.74306, 0.493285, 0.81818, 0.40909, 0.727275, 0.5, 0.68182, 0.35714500000000005, 1.0, 2.0, 3.0, 2.0, 4.0, 2.0]
[1.0, 0.0, 0.0, 0.0, 0.0, 0.0, 0.0, 1.0, 0.0, 1.0, 0.0, 0.5, 0.5, 0.5, 0.5, 0.5, 0.5, 0.5, 0.5, 0.5, 0.0, 0.35714500000000005, 1.0, 2.0, 2.0, 1.0, 4.0, 2.0]
[1.0, 0.0, 1.0, 1.0, 1.0, 1.0, 1.0, 1.0, 1.0, 0.0, 1.0, 0.42857, 1.0, 0.51267, 1.0, 0.5, 0.7142850000000001, 0.42857, 1.0, 0.518085, 1.0, 0.35714500000000005, 1.0, 2.0, 3.0, 1.0, 4.0, 2.0]
[0.0, 0.0, 1.0, 1.0, 1.0, 0.0, 1.0, 1.0, 1.0, 1.0, 1.0, 1.0, 1.0, 0.0, 1.0, 1.0, 1.0, 0.0, 1.0, 0.0, 1.0, 1.0, 1.0, 4.0, 4.0, 0.0, 4.0, 4.0]
[1.0, 0.0, 1.0, 1.0, 1.0, 1.0, 1.0, 1.0, 0.0, 1.0, 0.0, 0.79113, 0.039505000000000005, 0.583655, 0.08791499999999997, 0.37529, 0.203085, 0.18329, 0.37994, 0.08559499999999996, 0.594115, 0.106505, 0.7577849999999998, 1.0, 4.0, 1.0, 4.0, 2.0]
[0.0, 0.0, 1.0, 0.0, 1.0, 1.0, 1.0, 0.0, 1.0, 1.0, 1.0, 0.0, 1.0, 0.0, 1.0, 0.0, 1.0, 1.0, 1.0, 1.0, 1.0, 1.0, 1.0, 0.0, 4.0, 4.0, 4.0, 4.0]
[1.0, 0.0, 1.0, 1.0, 1.0, 1.0, 1.0, 1.0, 1.0, 1.0, 1.0, 0.70099, 0.881105, 0.70276, 0.8329299999999998, 0.7418, 0.800505, 0.75876, 0.7669599999999999, 0.7609, 0.742175, 0.7710599999999999, 0.7127300000000001, 3.0, 3.0, 3.0, 3.0, 3.0]
[0.0, 0.0, 1.0, 1.0, 1.0, 0.0, 1.0, 0.0, 1.0, 1.0, 0.0, 0.5, 1.0, 0.0, 0.5, 0.5, 0.5, 0.5, 0.5, 0.5, 0.0, 1.0, 1.0, 4.0, 2.0, 2.0, 4.0, 4.0]
[1.0, 0.0, 1.0, 1.0, 1.0, 1.0, 1.0, 1.0, 1.0, 1.0, 1.0, 0.7997099999999998, 0.8263, 0.875, 0.75415, 0.8679300000000002, 0.708145, 0.91371, 0.627695, 0.92976, 0.56856, 0.928075, 0.50247, 4.0, 2.0, 4.0, 1.0, 4.0]
[0.0, 0.0, 1.0, 0.0, 0.0, 1.0, 0.0, 1.0, 1.0, 1.0, 1.0, 1.0, 0.0, 0.0, 0.0, 0.0, 1.0, 1.0, 1.0, 0.0, 0.0, 0.0, 0.0, 0.0, 4.0, 2.0, 4.0, 0.0]
[1.0, 0.0, 1.0, 1.0, 1.0, 1.0, 1.0, 1.0, 1.0, 1.0, 1.0, 0.7321949999999998, 0.625, 0.78654, 0.62596, 0.685575, 0.576075, 0.7593849999999999, 0.45096, 0.7874999999999999, 0.48269, 0.714425, 0.45572, 3.0, 2.0, 3.0, 2.0, 3.0]
[0.0, 0.0, 1.0, 0.0, 1.0, 1.0, 1.0, 0.0, 1.0, 1.0, 1.0, 0.0, 1.0, 1.0, 1.0, 0.0, 1.0, 0.0, 1.0, 1.0, 1.0, 1.0, 1.0, 0.0, 4.0, 0.0, 4.0, 0.0]
[1.0, 0.0, 1.0, 1.0, 1.0, 1.0, 1.0, 1.0, 1.0, 1.0, 1.0, 0.726085, 0.86149, 0.76142, 0.8497300000000002, 0.7941, 0.79274, 0.834465, 0.744345, 0.85199, 0.721225, 0.8407949999999998, 0.676445, 4.0, 3.0, 4.0, 2.0, 4.0]
[0.0, 0.0, 0.0, 0.0, 1.0, 1.0, 0.0, 0.0, 1.0, 1.0, 0.0, 0.5, 1.0, 0.0, 0.5, 0.5, 0.5, 0.5, 0.5, 0.5, 0.5, 0.5, 0.5, 2.0, 2.0, 2.0, 4.0, 0.0]
[1.0, 0.0, 1.0, 1.0, 1.0, 1.0, 1.0, 1.0, 1.0, 1.0, 1.0, 0.8135949999999998, 0.71635, 0.87338, 0.658525, 0.8384849999999998, 0.59564, 0.88409, 0.52343, 0.8808549999999998, 0.43968, 0.884845, 0.407605, 4.0, 1.0, 4.0, 1.0, 3.0]
[0.0, 0.0, 0.0, 0.0, 1.0, 1.0, 1.0, 1.0, 0.0, 0.0, 0.0, 0.5, 0.0, 0.0, 0.5, 0.5, 0.0, 0.0, 0.5, 0.5, 0.5, 0.5, 1.0, 4.0, 2.0, 2.0, 4.0, 4.0]
[1.0, 0.0, 1.0, 1.0, 1.0, 1.0, 1.0, 1.0, 0.0, 1.0, 0.0, 0.902205, 0.17713, 0.78251, 0.08519999999999998, 0.63453, 0.1053, 0.458975, 0.1861, 0.34529, 0.266815, 0.221975, 0.417755, 0.0, 2.0, 0.0, 3.0, 1.0]
[0.0, 0.0, 1.0, 0.0, 1.0, 1.0, 1.0, 1.0, 1.0, 1.0, 1.0, 1.0, 1.0, 0.0, 1.0, 1.0, 1.0, 1.0, 1.0, 0.0, 1.0, 0.0, 1.0, 0.0, 4.0, 0.0, 4.0, 4.0]
[1.0, 0.0, 1.0, 0.0, 1.0, 1.0, 1.0, 1.0, 1.0, 1.0, 1.0, 0.606125, 0.8597349999999998, 0.6447700000000001, 0.84399, 0.664625, 0.74836, 0.586435, 0.821665, 0.485775, 0.786995, 0.71264, 0.7656, 3.0, 4.0, 3.0, 3.0, 3.0]
[0.0, 0.0, 0.0, 0.0, 0.0, 0.0, 0.0, 0.0, 0.0, 0.0, 0.0, 0.5, 0.5, 0.5, 0.5, 0.5, 0.5, 0.5, 0.5, 0.5, 0.5, 0.5, 0.5, 2.0, 2.0, 2.0, 4.0, 4.0]
[1.0, 0.0, 1.0, 1.0, 1.0, 0.0, 1.0, 1.0, 1.0, 1.0, 1.0, 0.51765, 0.986065, 0.523595, 0.993125, 0.50929, 0.971385, 0.535675, 0.992755, 0.49647, 0.98885, 0.5249, 0.98179, 2.0, 4.0, 2.0, 4.0, 2.0]
[0.0, 0.0, 1.0, 1.0, 0.0, 0.0, 0.0, 0.0, 0.0, 0.0, 0.0, 0.5, 0.0, 0.0, 0.5, 0.5, 0.5, 0.5, 0.5, 0.5, 0.0, 1.0, 1.0, 4.0, 2.0, 2.0, 4.0, 0.0]
[1.0, 0.0, 1.0, 0.0, 1.0, 1.0, 1.0, 1.0, 1.0, 1.0, 1.0, 0.52797, 0.84525, 0.521965, 0.840505, 0.52529, 0.835115, 0.52846, 0.817015, 0.47669, 0.822515, 0.53428, 0.815385, 2.0, 4.0, 2.0, 3.0, 2.0]
[1.0, 0.0, 1.0, 1.0, 1.0, 0.0, 1.0, 1.0, 1.0, 1.0, 1.0, 0.86873, 0.850335, 0.591135, 0.8795999999999998, 0.56856, 0.96739, 0.37458, 0.85368, 0.593645, 0.824415, 0.62291, 0.8010049999999999, 4.0, 4.0, 1.0, 4.0, 3.0]
[1.0, 0.0, 1.0, 0.0, 1.0, 0.0, 1.0, 0.0, 1.0, 1.0, 1.0, 0.28611, 1.0, 0.437095, 1.0, 0.082405, 0.7462949999999998, 0.50926, 0.91111, 0.47037, 0.991075, 0.40031, 1.0, 3.0, 4.0, 1.0, 4.0, 1.0]
[1.0, 0.0, 1.0, 1.0, 1.0, 1.0, 1.0, 1.0, 1.0, 1.0, 1.0, 0.62646, 0.62257, 0.684825, 0.544745, 0.614785, 0.480545, 0.684825, 0.52529, 0.624515, 0.624515, 0.54864, 0.53891, 3.0, 2.0, 3.0, 2.0, 3.0]
[1.0, 0.0, 1.0, 0.0, 1.0, 0.0, 1.0, 0.0, 1.0, 1.0, 1.0, 0.549605, 0.795635, 0.488095, 0.81349, 0.50595, 0.854165, 0.512895, 0.801585, 0.507935, 0.739085, 0.48611, 0.795635, 2.0, 3.0, 2.0, 4.0, 2.0]
[1.0, 0.0, 1.0, 0.0, 0.0, 1.0, 1.0, 0.0, 0.0, 1.0, 1.0, 0.5, 0.561575, 0.45074, 0.529555, 0.5, 0.50985, 0.48522, 0.43596, 0.39655, 0.534485, 0.50739, 0.534485, 2.0, 2.0, 2.0, 3.0, 2.0]
[1.0, 0.0, 1.0, 1.0, 1.0, 0.0, 1.0, 1.0, 1.0, 1.0, 1.0, 0.57886, 0.85794, 0.49888, 0.8987699999999998, 0.533, 0.918345, 0.417225, 0.8433999999999998, 0.4547, 0.81264, 0.49329, 0.80481, 2.0, 4.0, 2.0, 4.0, 2.0]
[1.0, 0.0, 1.0, 1.0, 0.0, 0.0, 0.0, 0.0, 0.0, 0.0, 1.0, 0.46329, 0.5, 0.5, 0.5, 0.5, 0.5, 0.5, 0.5, 0.5, 0.503795, 0.840505, 0.4, 3.0, 2.0, 3.0, 2.0, 0.0]
[1.0, 0.0, 1.0, 0.0, 1.0, 0.0, 1.0, 0.0, 1.0, 0.0, 1.0, 0.44534, 0.944265, 0.505895, 0.95391, 0.431405, 0.93569, 0.469455, 0.95391, 0.48821, 0.93998, 0.427115, 0.914255, 2.0, 4.0, 2.0, 4.0, 2.0, 2.0, 2.0, 2.0, 2.0, 2.0, 2.0]
[1.0, 0.0, 1.0, 0.0, 0.0, 0.0, 0.0, 0.0, 1.0, 1.0, 1.0, 0.510415, 0.5, 0.5, 0.5, 0.5, 0.58229, 0.272915, 0.795835, 0.408335, 0.5, 0.5, 0.5, 2.0, 4.0, 1.0, 0.0, 0.0, 2.0, 2.0, 2.0, 2.0, 2.0, 2.0]
[1.0, 0.0, 1.0, 1.0, 1.0, 1.0, 1.0, 1.0, 1.0, 0.0, 1.0, 0.45786, 0.9652, 0.494835, 0.96547, 0.45541, 0.930125, 0.474715, 0.947255, 0.47988, 0.94209, 0.43937, 0.944535, 2.0, 4.0, 2.0, 4.0, 2.0, 2.0, 2.0, 2.0, 2.0, 2.0, 2.0]
[1.0, 0.0, 0.0, 0.0, 1.0, 1.0, 1.0, 0.0, 0.0, 0.0, 1.0, 0.28778000000000004, 1.0, 0.59778, 1.0, 0.473335, 1.0, 0.09221999999999997, 0.5, 0.5, 1.0, 0.48, 1.0, 2.0, 2.0, 2.0, 4.0, 0.0, 2.0, 2.0, 2.0, 2.0, 2.0, 2.0]
[1.0, 0.0, 1.0, 1.0, 1.0, 0.0, 1.0, 1.0, 1.0, 0.0, 1.0, 0.5, 0.9278550000000002, 0.46643, 0.932145, 0.50143, 0.914285, 0.472855, 0.905, 0.440715, 0.884285, 0.457855, 0.92143, 2.0, 4.0, 2.0, 4.0, 2.0, 2.0, 2.0, 2.0, 2.0, 2.0, 2.0]
[1.0, 0.0, 0.0, 0.0, 0.0, 0.0, 0.0, 0.0, 0.0, 0.0, 0.0, 0.5, 0.0, 1.0, 1.0, 0.77586, 0.5, 0.5, 0.5, 0.5, 0.5, 0.5, 0.5, 2.0, 2.0, 2.0, 4.0, 4.0, 2.0, 2.0, 2.0, 2.0, 2.0, 2.0]
[1.0, 0.0, 1.0, 1.0, 1.0, 0.0, 1.0, 0.0, 1.0, 1.0, 1.0, 0.52987, 0.77922, 0.44026, 0.75844, 0.48182, 0.763635, 0.47013, 0.776625, 0.494805, 0.742855, 0.483115, 0.7454549999999999, 2.0, 3.0, 2.0, 3.0, 2.0, 2.0, 2.0, 2.0, 2.0, 2.0, 2.0]
[0.0, 0.0, 0.0, 0.0, 0.0, 0.0, 0.0, 0.0, 0.0, 0.0, 0.0, 0.5, 0.5, 0.5, 0.5, 0.5, 0.5, 0.5, 0.5, 0.5, 0.5, 0.5, 0.5, 2.0, 2.0, 2.0, 4.0, 0.0, 2.0, 2.0, 2.0, 2.0, 2.0, 2.0]
[1.0, 0.0, 1.0, 1.0, 1.0, 1.0, 1.0, 1.0, 1.0, 1.0, 0.0, 0.90227, 0.329465, 0.803965, 0.28090000000000004, 0.68928, 0.281685, 0.583545, 0.31662, 0.50339, 0.367615, 0.454875, 0.41911, 2.0, 2.0, 2.0, 2.0, 2.0, 2.0, 2.0, 2.0, 2.0, 2.0, 2.0]
[1.0, 0.0, 0.0, 0.0, 0.0, 0.0, 1.0, 1.0, 0.0, 0.0, 0.0, 0.5, 1.0, 0.444445, 0.5, 0.5, 0.5, 0.5, 0.0, 1.0, 1.0, 1.0, 1.0, 0.0, 2.0, 2.0, 4.0, 0.0, 2.0, 2.0, 2.0, 2.0, 2.0, 2.0]
[1.0, 0.0, 1.0, 1.0, 1.0, 1.0, 1.0, 1.0, 0.0, 1.0, 0.0, 0.89673, 0.14719499999999996, 0.7578, 0.09475500000000003, 0.613675, 0.09431999999999999, 0.437305, 0.16263, 0.30949000000000004, 0.30833, 0.185695, 0.434935, 0.0, 2.0, 0.0, 3.0, 1.0, 2.0, 2.0, 2.0, 2.0, 2.0, 2.0]
[1.0, 0.0, 0.0, 0.0, 0.0, 0.0, 0.0, 0.0, 0.0, 1.0, 0.0, 0.5, 1.0, 0.686665, 0.44, 0.44, 0.5, 0.5, 0.0, 0.0, 0.5, 0.5, 1.0, 0.0, 2.0, 2.0, 4.0, 3.0, 2.0, 2.0, 2.0, 2.0, 2.0, 2.0]
[1.0, 0.0, 1.0, 1.0, 1.0, 1.0, 1.0, 1.0, 0.0, 1.0, 0.0, 0.8562849999999999, 0.06778500000000004, 0.66826, 0.03808, 0.47331, 0.11321999999999997, 0.276465, 0.26525, 0.133575, 0.448815, 0.08891499999999997, 0.63192, 0.0, 3.0, 1.0, 4.0, 1.0, 2.0, 2.0, 2.0, 2.0, 2.0, 2.0]
[1.0, 0.0, 1.0, 1.0, 1.0, 1.0, 1.0, 1.0, 0.0, 1.0, 0.0, 0.5969, 0.19324, 0.62893, 0.029735000000000008, 0.472955, 0.434415, 0.428355, 0.348425, 0.276925, 0.442955, 0.07201499999999994, 0.51334, 1.0, 3.0, 2.0, 3.0, 2.0, 2.0, 2.0, 2.0, 2.0, 2.0, 2.0]
[1.0, 0.0, 1.0, 1.0, 1.0, 1.0, 1.0, 1.0, 0.0, 1.0, 0.0, 0.7978199999999999, 0.06688999999999995, 0.609545, 0.07778999999999997, 0.37918, 0.20143, 0.19053000000000003, 0.40323, 0.06106499999999999, 0.562195, 0.054680000000000006, 0.7555449999999998, 0.0, 4.0, 1.0, 4.0, 2.0, 2.0, 2.0, 2.0, 2.0, 2.0, 2.0]
[1.0, 0.0, 1.0, 0.0, 1.0, 1.0, 1.0, 0.0, 1.0, 1.0, 1.0, 0.462695, 0.83514, 0.5361, 0.81468, 0.45788, 0.837545, 0.54573, 0.8357399999999998, 0.5, 0.794825, 0.55054, 0.7502999999999999, 2.0, 4.0, 2.0, 4.0, 2.0, 2.0, 2.0, 2.0, 2.0, 2.0, 2.0]
[1.0, 0.0, 1.0, 0.0, 1.0, 1.0, 1.0, 1.0, 1.0, 1.0, 1.0, 0.71967, 0.8189349999999999, 0.502755, 0.85386, 0.608455, 1.0, 0.53033, 0.805145, 0.525735, 0.837315, 0.52114, 0.76011, 1.0, 4.0, 2.0, 4.0, 2.0, 2.0, 2.0, 2.0, 2.0, 2.0, 2.0]
[1.0, 0.0, 1.0, 1.0, 1.0, 1.0, 1.0, 1.0, 1.0, 0.0, 1.0, 0.54, 0.8698049999999998, 0.5253, 0.86161, 0.52888, 0.843075, 0.455385, 0.8084599999999998, 0.58154, 0.8311649999999998, 0.537865, 0.81939, 2.0, 4.0, 2.0, 3.0, 2.0, 2.0, 2.0, 2.0, 2.0, 2.0, 2.0]
[1.0, 0.0, 1.0, 1.0, 1.0, 1.0, 1.0, 1.0, 1.0, 1.0, 1.0, 0.52051, 0.90946, 0.502925, 0.9036900000000002, 0.503365, 0.90311, 0.437765, 0.889675, 0.48232, 0.881825, 0.504545, 0.873175, 2.0, 4.0, 2.0, 4.0, 2.0, 2.0, 2.0, 2.0, 2.0, 2.0, 2.0]
[1.0, 0.0, 1.0, 0.0, 1.0, 1.0, 1.0, 1.0, 1.0, 0.0, 1.0, 0.436955, 0.72826, 0.523915, 0.752175, 0.513045, 0.67826, 0.597825, 0.71087, 0.573915, 0.71087, 0.486955, 0.6608700000000001, 2.0, 3.0, 2.0, 3.0, 2.0, 2.0, 2.0, 2.0, 2.0, 2.0, 2.0]
[1.0, 0.0, 1.0, 1.0, 1.0, 1.0, 1.0, 1.0, 1.0, 1.0, 1.0, 0.75061, 0.78949, 0.80407, 0.74605, 0.7922249999999998, 0.66677, 0.8393049999999999, 0.6479349999999999, 0.81774, 0.547995, 0.8405199999999998, 0.51033, 4.0, 2.0, 4.0, 2.0, 4.0, 2.0, 2.0, 2.0, 2.0, 2.0, 2.0]
[1.0, 0.0, 1.0, 1.0, 1.0, 1.0, 1.0, 1.0, 1.0, 1.0, 1.0, 0.801485, 0.7846849999999999, 0.8597099999999999, 0.776555, 0.870395, 0.64726, 0.910965, 0.605685, 0.8988849999999998, 0.548545, 0.91081, 0.49133, 4.0, 2.0, 4.0, 1.0, 4.0, 2.0, 2.0, 2.0, 2.0, 2.0, 2.0]
[1.0, 0.0, 1.0, 1.0, 1.0, 1.0, 1.0, 1.0, 1.0, 1.0, 1.0, 0.85508, 0.698495, 0.880805, 0.6213299999999999, 0.897615, 0.54567, 0.89799, 0.454205, 0.881305, 0.398995, 0.83463, 0.348685, 4.0, 1.0, 3.0, 1.0, 3.0, 2.0, 2.0, 2.0, 2.0, 2.0, 2.0]
[1.0, 0.0, 1.0, 1.0, 1.0, 1.0, 1.0, 1.0, 1.0, 1.0, 1.0, 0.86919, 0.74349, 0.91807, 0.6522950000000001, 0.953325, 0.589795, 0.967145, 0.496495, 0.965545, 0.4056, 0.946915, 0.334885, 4.0, 1.0, 4.0, 1.0, 4.0, 2.0, 2.0, 2.0, 2.0, 2.0, 2.0]
[1.0, 0.0, 1.0, 1.0, 1.0, 1.0, 1.0, 1.0, 1.0, 1.0, 1.0, 0.87461, 0.6805, 0.908975, 0.57832, 0.91779, 0.50198, 0.92605, 0.41805, 0.8892649999999999, 0.32002, 0.880965, 0.284565, 4.0, 1.0, 3.0, 0.0, 3.0, 2.0, 2.0, 2.0, 2.0, 2.0, 2.0]
[1.0, 0.0, 1.0, 1.0, 1.0, 1.0, 1.0, 1.0, 1.0, 1.0, 1.0, 0.797825, 0.461365, 0.722725, 0.5, 0.7431799999999998, 0.362545, 0.71007, 0.21931999999999996, 0.68409, 0.317045, 0.59432, 0.297335, 2.0, 1.0, 2.0, 1.0, 2.0, 2.0, 2.0, 2.0, 2.0, 2.0, 2.0]
[1.0, 0.0, 1.0, 0.0, 1.0, 1.0, 1.0, 1.0, 1.0, 1.0, 1.0, 0.62086, 0.7516549999999999, 0.56126, 0.819535, 0.59934, 0.8592699999999999, 0.713575, 0.771525, 0.569535, 0.82616, 0.6390750000000001, 0.84437, 2.0, 3.0, 3.0, 3.0, 3.0, 2.0, 2.0, 2.0, 2.0, 2.0, 2.0]
[1.0, 0.0, 1.0, 1.0, 1.0, 0.0, 1.0, 1.0, 1.0, 1.0, 1.0, 0.4611, 0.84535, 0.56262, 0.7931699999999998, 0.519925, 0.7656549999999999, 0.48292, 0.84725, 0.58444, 0.86338, 0.536055, 0.66034, 2.0, 3.0, 3.0, 3.0, 2.0, 2.0, 2.0, 2.0, 2.0, 2.0, 2.0]
[1.0, 0.0, 1.0, 1.0, 1.0, 0.0, 1.0, 0.0, 1.0, 0.0, 1.0, 0.46167, 0.8363, 0.471145, 0.8212999999999998, 0.46781, 0.695995, 0.52265, 0.8562699999999999, 0.50697, 0.7798499999999998, 0.459805, 0.76715, 2.0, 3.0, 1.0, 3.0, 2.0, 2.0, 2.0, 2.0, 2.0, 2.0, 2.0]
[1.0, 0.0, 1.0, 1.0, 1.0, 0.0, 1.0, 0.0, 1.0, 0.0, 1.0, 0.507095, 0.98093, 0.49282, 0.979735, 0.491645, 0.992485, 0.50501, 0.95576, 0.45576, 0.97508, 0.48818, 0.97318, 2.0, 4.0, 2.0, 4.0, 2.0, 2.0, 2.0, 2.0, 2.0, 2.0, 2.0]
[1.0, 0.0, 1.0, 0.0, 1.0, 0.0, 1.0, 0.0, 1.0, 1.0, 1.0, 0.391755, 0.747425, 0.579895, 0.726805, 0.44072, 0.71134, 0.53093, 0.75, 0.3634, 0.7731949999999999, 0.592785, 0.71134, 2.0, 4.0, 2.0, 3.0, 2.0, 2.0, 2.0, 2.0, 2.0, 2.0, 2.0]
[1.0, 0.0, 1.0, 0.0, 1.0, 1.0, 1.0, 1.0, 1.0, 0.0, 1.0, 0.54157, 0.8972299999999999, 0.28291, 0.8625849999999998, 0.774825, 0.7979199999999999, 0.569285, 0.81755, 0.6097, 0.816395, 0.37298, 0.854755, 2.0, 4.0, 3.0, 4.0, 2.0, 2.0, 2.0, 2.0, 2.0, 2.0, 2.0]
[1.0, 0.0, 1.0, 0.0, 1.0, 1.0, 1.0, 1.0, 1.0, 1.0, 1.0, 0.497755, 0.858425, 0.476405, 0.8325849999999998, 0.504495, 0.786515, 0.51236, 0.8235949999999999, 0.46292, 0.78427, 0.570785, 0.78764, 2.0, 3.0, 2.0, 3.0, 2.0, 2.0, 2.0, 2.0, 2.0, 2.0, 2.0]
[1.0, 0.0, 1.0, 0.0, 1.0, 0.0, 1.0, 0.0, 1.0, 1.0, 1.0, 0.548545, 0.823625, 0.57929, 0.8009699999999998, 0.49029, 0.771845, 0.477345, 0.73463, 0.44984, 0.823625, 0.574435, 0.695795, 3.0, 3.0, 2.0, 3.0, 2.0, 2.0, 2.0, 2.0, 2.0, 2.0, 2.0]
[1.0, 0.0, 1.0, 1.0, 1.0, 1.0, 1.0, 1.0, 1.0, 0.0, 1.0, 0.55926, 0.7987649999999998, 0.52469, 0.812345, 0.54815, 0.8913599999999998, 0.412345, 0.869135, 0.44568, 0.7432099999999998, 0.50494, 0.80494, 2.0, 4.0, 2.0, 4.0, 2.0, 2.0, 2.0, 2.0, 2.0, 2.0, 2.0]
[1.0, 0.0, 1.0, 0.0, 1.0, 1.0, 1.0, 0.0, 1.0, 1.0, 1.0, 0.461015, 0.78983, 0.48983, 0.7661, 0.538985, 0.82034, 0.55932, 0.784745, 0.488135, 0.7661, 0.50339, 0.857625, 2.0, 3.0, 2.0, 3.0, 2.0, 2.0, 2.0, 2.0, 2.0, 2.0, 2.0]
[1.0, 0.0, 1.0, 1.0, 1.0, 1.0, 1.0, 0.0, 1.0, 0.0, 1.0, 0.512135, 0.667475, 0.52427, 0.762135, 0.502425, 0.7354349999999998, 0.4466, 0.71602, 0.502425, 0.674755, 0.529125, 0.59466, 3.0, 3.0, 2.0, 3.0, 2.0, 2.0, 2.0, 2.0, 2.0, 2.0, 2.0]
[1.0, 0.0, 1.0, 1.0, 1.0, 1.0, 1.0, 1.0, 1.0, 1.0, 1.0, 0.759395, 0.7753799999999998, 0.8008949999999998, 0.71565, 0.831185, 0.659, 0.8522149999999998, 0.641895, 0.844365, 0.537575, 0.86848, 0.53169, 4.0, 2.0, 4.0, 2.0, 4.0, 2.0, 2.0, 2.0, 2.0, 2.0, 2.0]
[1.0, 0.0, 1.0, 1.0, 1.0, 1.0, 1.0, 1.0, 1.0, 1.0, 1.0, 0.868715, 0.7017450000000001, 0.91578, 0.6257, 0.92402, 0.5235, 0.927375, 0.439035, 0.8987449999999998, 0.3691, 0.90377, 0.310825, 4.0, 1.0, 3.0, 1.0, 3.0, 2.0, 2.0, 1.0, 2.0, 2.0, 2.0]
[1.0, 0.0, 1.0, 1.0, 1.0, 1.0, 1.0, 1.0, 1.0, 1.0, 1.0, 0.941455, 0.550535, 0.91656, 0.465865, 0.94637, 0.358655, 0.860365, 0.281465, 0.80844, 0.221155, 0.7406, 0.175, 3.0, 0.0, 2.0, 0.0, 2.0, 0.0, 2.0, 0.0, 2.0, 0.0, 2.0]
[1.0, 0.0, 1.0, 1.0, 1.0, 1.0, 1.0, 1.0, 1.0, 1.0, 1.0, 0.91615, 0.574695, 0.947445, 0.525835, 0.9684100000000002, 0.37629, 0.919695, 0.285945, 0.8777699999999998, 0.248745, 0.812815, 0.172425, 3.0, 0.0, 3.0, 0.0, 2.0, 0.0, 2.0, 0.0, 2.0, 2.0, 2.0]
[1.0, 0.0, 1.0, 1.0, 1.0, 1.0, 1.0, 1.0, 1.0, 1.0, 1.0, 0.952015, 0.399925, 0.946675, 0.30135, 0.910815, 0.205825, 0.814335, 0.118475, 0.70184, 0.09369, 0.59444, 0.09341500000000001, 2.0, 0.0, 1.0, 0.0, 1.0, 0.0, 2.0, 0.0, 2.0, 2.0, 0.0]
[1.0, 0.0, 1.0, 1.0, 1.0, 1.0, 1.0, 1.0, 0.0, 1.0, 0.0, 0.87667, 0.374315, 0.74408, 0.213115, 0.642075, 0.16625, 0.552955, 0.263205, 0.469035, 0.09471999999999997, 0.469945, 0.334015, 1.0, 2.0, 1.0, 2.0, 1.0, 2.0, 1.0, 2.0, 1.0, 2.0, 2.0]
[1.0, 0.0, 1.0, 1.0, 1.0, 1.0, 1.0, 1.0, 1.0, 1.0, 1.0, 0.606515, 0.476375, 0.563835, 0.468335, 0.539535, 0.46836, 0.520485, 0.472845, 0.50704, 0.47917, 0.4986, 0.48562, 2.0, 2.0, 2.0, 2.0, 2.0, 2.0, 2.0, 2.0, 2.0, 2.0, 2.0]
[1.0, 0.0, 1.0, 0.0, 1.0, 1.0, 1.0, 0.0, 1.0, 1.0, 1.0, 0.3618400000000001, 0.829885, 0.531955, 0.8486849999999998, 0.57331, 0.8618399999999998, 0.286655, 0.88064, 0.522555, 0.8345849999999998, 0.602445, 0.92387, 1.0, 4.0, 2.0, 3.0, 2.0, 3.0, 2.0, 2.0, 2.0, 3.0, 2.0]
[1.0, 0.0, 1.0, 1.0, 1.0, 1.0, 1.0, 1.0, 1.0, 1.0, 1.0, 0.60165, 0.74709, 0.56343, 0.723735, 0.567535, 0.64676, 0.51461, 0.74079, 0.57878, 0.664175, 0.57308, 0.647475, 2.0, 3.0, 2.0, 3.0, 2.0, 3.0, 2.0, 2.0, 2.0, 2.0, 2.0]
[1.0, 0.0, 1.0, 1.0, 1.0, 1.0, 1.0, 1.0, 1.0, 0.0, 1.0, 0.55458, 0.916445, 0.515135, 0.9134, 0.51753, 0.87419, 0.509715, 0.9000949999999999, 0.512025, 0.90431, 0.524505, 0.901295, 2.0, 4.0, 2.0, 4.0, 2.0, 4.0, 2.0, 4.0, 2.0, 4.0, 2.0]
[1.0, 0.0, 1.0, 1.0, 1.0, 1.0, 1.0, 1.0, 1.0, 0.0, 1.0, 0.48986, 0.95223, 0.36638, 0.94705, 0.59982, 0.94322, 0.47679, 0.92226, 0.495045, 0.98941, 0.32988, 0.8947699999999998, 1.0, 4.0, 2.0, 4.0, 2.0, 4.0, 2.0, 4.0, 3.0, 4.0, 2.0]
[1.0, 0.0, 1.0, 1.0, 1.0, 1.0, 1.0, 1.0, 1.0, 0.0, 1.0, 0.51241, 0.989605, 0.497655, 0.98055, 0.550975, 0.9574100000000002, 0.51878, 0.8551299999999998, 0.513415, 0.906105, 0.45976, 1.0, 2.0, 4.0, 2.0, 4.0, 2.0, 4.0, 2.0, 4.0, 2.0, 4.0, 2.0]
[1.0, 0.0, 1.0, 1.0, 1.0, 0.0, 1.0, 1.0, 1.0, 0.0, 1.0, 0.508875, 0.723375, 0.637575, 0.85799, 0.48077, 0.778105, 0.56213, 0.7071000000000001, 0.55769, 0.763835, 0.51421, 0.755915, 2.0, 3.0, 2.0, 3.0, 2.0, 3.0, 3.0, 3.0, 2.0, 3.0, 2.0]
[1.0, 0.0, 1.0, 1.0, 1.0, 0.0, 1.0, 0.0, 1.0, 1.0, 1.0, 0.514125, 0.8370999999999998, 0.4774, 0.903955, 0.43126, 0.75706, 0.37759, 0.90772, 0.428435, 0.851225, 0.498115, 0.6666650000000001, 2.0, 3.0, 1.0, 4.0, 2.0, 3.0, 2.0, 3.0, 1.0, 4.0, 1.0]
[1.0, 0.0, 1.0, 0.0, 1.0, 0.0, 1.0, 0.0, 1.0, 0.0, 1.0, 0.43206, 0.874735, 0.441615, 0.887475, 0.40658, 0.89066, 0.393845, 0.80998, 0.449045, 0.895965, 0.421445, 0.94692, 2.0, 4.0, 1.0, 4.0, 1.0, 4.0, 1.0, 4.0, 1.0, 4.0, 1.0]
[1.0, 0.0, 1.0, 0.0, 1.0, 1.0, 1.0, 1.0, 1.0, 0.0, 1.0, 0.471465, 0.911685, 0.44701, 0.8396749999999998, 0.497285, 0.940215, 0.39538, 0.91712, 0.516305, 0.932065, 0.47011, 0.986415, 1.0, 4.0, 2.0, 4.0, 2.0, 4.0, 2.0, 4.0, 2.0, 4.0, 2.0]
[1.0, 0.0, 1.0, 0.0, 1.0, 1.0, 1.0, 1.0, 1.0, 0.0, 1.0, 0.38241, 0.939725, 0.40415, 0.868575, 0.52075, 0.815215, 0.498025, 0.81818, 0.44071, 0.8962449999999998, 0.37352, 0.8320149999999998, 1.0, 4.0, 2.0, 4.0, 2.0, 4.0, 1.0, 3.0, 2.0, 4.0, 2.0]
[1.0, 0.0, 1.0, 1.0, 1.0, 1.0, 1.0, 1.0, 1.0, 0.0, 1.0, 0.50665, 0.81929, 0.41907, 0.839245, 0.48337, 0.772725, 0.432375, 0.764965, 0.47672, 0.7394699999999998, 0.40244, 0.75388, 2.0, 3.0, 1.0, 3.0, 2.0, 3.0, 2.0, 3.0, 2.0, 3.0, 2.0]
[1.0, 0.0, 1.0, 1.0, 1.0, 1.0, 1.0, 1.0, 1.0, 1.0, 1.0, 0.98064, 0.399515, 0.946, 0.321315, 0.8874999999999998, 0.17443000000000003, 0.81105, 0.10615999999999996, 0.7276749999999998, 0.09071999999999997, 0.595475, 0.08028500000000005, 2.0, 0.0, 1.0, 0.0, 1.0, 1.0, 0.0, 1.0, 0.0, 2.0, 0.0]
[1.0, 0.0, 1.0, 1.0, 1.0, 1.0, 1.0, 1.0, 1.0, 1.0, 1.0, 0.98374, 0.383815, 0.97565, 0.22036999999999995, 0.90509, 0.133355, 0.811925, 0.04502499999999998, 0.681, 0.03873000000000004, 0.5302, 0.03191000000000005, 2.0, 0.0, 1.0, 0.0, 0.0, 1.0, 0.0, 2.0, 0.0, 2.0, 0.0]
[1.0, 0.0, 1.0, 1.0, 1.0, 1.0, 1.0, 1.0, 1.0, 1.0, 0.0, 0.96059, 0.187985, 0.8599799999999999, 0.151165, 0.66279, 0.09289000000000003, 0.705975, 0.0, 0.496125, 0.10513499999999996, 0.29457500000000003, 0.11549499999999996, 1.0, 1.0, 0.0, 1.0, 0.0, 2.0, 0.0, 3.0, 0.0, 2.0, 0.0]
[1.0, 0.0, 1.0, 1.0, 1.0, 1.0, 1.0, 1.0, 1.0, 1.0, 0.0, 0.925055, 0.32221, 0.888405, 0.236325, 0.7921249999999999, 0.14825, 0.656455, 0.12089499999999996, 0.519695, 0.14387499999999995, 0.423415, 0.208425, 1.0, 1.0, 1.0, 2.0, 0.0, 2.0, 0.0, 3.0, 1.0, 3.0, 1.0]
[1.0, 0.0, 1.0, 1.0, 1.0, 1.0, 1.0, 1.0, 1.0, 1.0, 0.0, 0.980835, 0.26399, 0.91795, 0.14626500000000003, 0.82745, 0.06263000000000002, 0.68375, 0.040930000000000015, 0.527975, 0.05088000000000004, 0.369135, 0.13015500000000002, 1.0, 1.0, 0.0, 1.0, 0.0, 2.0, 0.0, 3.0, 0.0, 3.0, 0.0]
[1.0, 0.0, 1.0, 1.0, 1.0, 1.0, 1.0, 1.0, 1.0, 1.0, 0.0, 0.8994299999999998, 0.29135500000000003, 0.832705, 0.157895, 0.73872, 0.126375, 0.59746, 0.1391, 0.475565, 0.18985, 0.35902500000000004, 0.25417500000000004, 1.0, 1.0, 0.0, 2.0, 0.0, 3.0, 0.0, 3.0, 1.0, 4.0, 1.0]
[1.0, 0.0, 1.0, 0.0, 1.0, 0.0, 1.0, 0.0, 1.0, 1.0, 1.0, 0.48698, 0.9925, 0.46271, 0.99691, 0.464255, 0.98698, 0.45234, 0.98632, 0.43888, 0.99647, 0.47374, 0.97639, 2.0, 4.0, 2.0, 4.0, 2.0, 4.0, 2.0, 4.0, 2.0, 4.0, 2.0]
[1.0, 0.0, 1.0, 0.0, 1.0, 1.0, 1.0, 0.0, 1.0, 0.0, 1.0, 0.48145, 0.9858650000000002, 0.491165, 0.985275, 0.480565, 0.9773250000000001, 0.47968, 0.97615, 0.476445, 0.971145, 0.489105, 0.964075, 2.0, 4.0, 2.0, 4.0, 2.0, 4.0, 2.0, 4.0, 2.0, 4.0, 2.0]
[1.0, 0.0, 1.0, 0.0, 1.0, 0.0, 1.0, 0.0, 1.0, 1.0, 1.0, 0.50114, 0.968035, 0.457765, 0.95662, 0.49886, 0.93379, 0.45662, 0.98516, 0.393835, 1.0, 0.55137, 0.960045, 2.0, 4.0, 2.0, 4.0, 2.0, 4.0, 1.0, 4.0, 2.0, 4.0, 1.0]
[1.0, 0.0, 1.0, 0.0, 1.0, 1.0, 1.0, 0.0, 1.0, 0.0, 1.0, 0.432205, 0.822035, 0.64407, 0.915255, 0.322035, 0.771185, 0.508475, 0.77966, 0.51695, 0.79661, 0.65254, 0.932205, 2.0, 3.0, 2.0, 4.0, 2.0, 4.0, 2.0, 4.0, 2.0, 4.0, 2.0]
[1.0, 0.0, 1.0, 0.0, 1.0, 1.0, 1.0, 1.0, 1.0, 1.0, 1.0, 0.444445, 0.774555, 0.457785, 0.791665, 0.6666650000000001, 0.77778, 0.51389, 0.625, 0.40278, 0.73611, 0.47222, 0.7638899999999998, 2.0, 3.0, 2.0, 3.0, 2.0, 2.0, 2.0, 3.0, 2.0, 2.0, 1.0]
[1.0, 0.0, 1.0, 1.0, 1.0, 1.0, 1.0, 1.0, 1.0, 1.0, 1.0, 1.0, 0.606245, 1.0, 0.41292, 1.0, 0.334595, 0.99361, 0.19309, 1.0, 0.23663, 0.858495, 0.0575, 3.0, 0.0, 3.0, 0.0, 2.0, 0.0, 2.0, 0.0, 1.0, 0.0, 0.0]
[1.0, 0.0, 1.0, 1.0, 1.0, 1.0, 1.0, 1.0, 1.0, 1.0, 1.0, 0.973745, 0.45091, 0.96889, 0.31198000000000004, 0.911115, 0.23629, 0.855805, 0.15821, 0.8399449999999998, 0.149185, 0.62478, 0.104265, 2.0, 0.0, 1.0, 0.0, 1.0, 0.0, 2.0, 1.0, 0.0, 2.0, 0.0]
[1.0, 0.0, 1.0, 1.0, 1.0, 1.0, 1.0, 1.0, 1.0, 1.0, 0.0, 0.9347350000000002, 0.269115, 0.8924849999999999, 0.202825, 0.76035, 0.10765000000000002, 0.632645, 0.07993, 0.51964, 0.189795, 0.343245, 0.26294, 1.0, 1.0, 0.0, 2.0, 0.0, 2.0, 1.0, 3.0, 1.0, 3.0, 1.0]
[1.0, 0.0, 1.0, 1.0, 1.0, 1.0, 1.0, 1.0, 1.0, 1.0, 0.0, 0.981505, 0.217325, 0.916985, 0.10624499999999996, 0.7902249999999998, 0.03448000000000001, 0.6301, 0.03179499999999996, 0.46791, 0.06486000000000003, 0.295255, 0.174605, 0.0, 1.0, 0.0, 2.0, 0.0, 3.0, 0.0, 3.0, 0.0, 4.0, 1.0]
[1.0, 0.0, 1.0, 1.0, 1.0, 1.0, 1.0, 1.0, 0.0, 1.0, 0.0, 0.962265, 0.16691999999999996, 0.89383, 0.039275, 0.71157, 0.028424999999999975, 0.547925, 0.0, 0.515955, 0.16784499999999997, 0.16860999999999998, 0.26995, 0.0, 2.0, 0.0, 2.0, 0.0, 3.0, 0.0, 4.0, 1.0, 4.0, 2.0]
[1.0, 0.0, 1.0, 1.0, 1.0, 0.0, 1.0, 1.0, 1.0, 0.0, 1.0, 0.492445, 1.0, 0.491345, 1.0, 0.46813, 1.0, 0.464215, 1.0, 0.5295, 1.0, 0.44946, 1.0, 2.0, 4.0, 1.0, 4.0, 2.0, 4.0, 2.0, 4.0, 2.0, 4.0, 2.0]
[1.0, 0.0, 1.0, 0.0, 1.0, 0.0, 1.0, 0.0, 1.0, 0.0, 1.0, 0.55184, 1.0, 0.428765, 0.99632, 0.48729, 0.979265, 0.42241, 0.920065, 0.8086949999999998, 1.0, 0.418395, 0.93746, 2.0, 4.0, 2.0, 4.0, 2.0, 4.0, 2.0, 4.0, 2.0, 4.0, 2.0]
[1.0, 0.0, 1.0, 1.0, 1.0, 1.0, 1.0, 1.0, 1.0, 1.0, 0.0, 0.89386, 0.28544499999999995, 0.8616399999999999, 0.214175, 0.707355, 0.12281999999999998, 0.583775, 0.150115, 0.45072, 0.211525, 0.382485, 0.296815, 1.0, 2.0, 1.0, 2.0, 1.0, 2.0, 1.0, 3.0, 1.0, 3.0, 2.0]
[1.0, 0.0, 1.0, 1.0, 1.0, 1.0, 1.0, 1.0, 1.0, 1.0, 0.0, 0.93245, 0.186825, 0.84795, 0.11446999999999996, 0.696545, 0.07098500000000002, 0.54204, 0.09179499999999999, 0.379915, 0.177105, 0.24989, 0.30117, 0.0, 2.0, 0.0, 2.0, 0.0, 3.0, 1.0, 3.0, 1.0, 4.0, 2.0]
[1.0, 0.0, 1.0, 1.0, 1.0, 1.0, 1.0, 1.0, 0.0, 1.0, 0.0, 0.923025, 0.11170000000000002, 0.792555, 0.03590500000000002, 0.625665, 0.03858999999999996, 0.423425, 0.11968, 0.25798, 0.245345, 0.11901499999999998, 0.425525, 0.0, 3.0, 0.0, 3.0, 0.0, 4.0, 1.0, 4.0, 2.0, 4.0, 3.0]
[1.0, 0.0, 1.0, 0.0, 1.0, 0.0, 1.0, 0.0, 1.0, 1.0, 1.0, 0.55696, 0.962025, 0.531645, 0.92405, 0.481015, 0.816455, 0.316455, 0.93671, 0.49367, 0.968355, 0.531645, 1.0, 3.0, 4.0, 1.0, 4.0, 2.0, 4.0, 2.0, 3.0, 2.0, 4.0, 2.0]
[1.0, 0.0, 1.0, 1.0, 1.0, 1.0, 1.0, 1.0, 1.0, 1.0, 1.0, 0.52941, 0.8954649999999998, 0.523655, 0.887205, 0.527035, 0.8235300000000002, 0.5966400000000001, 0.92017, 0.52101, 0.856425, 0.53561, 0.8444749999999999, 2.0, 4.0, 2.0, 4.0, 2.0, 4.0, 2.0, 3.0, 2.0, 3.0, 2.0]
[1.0, 0.0, 1.0, 1.0, 1.0, 1.0, 1.0, 1.0, 1.0, 1.0, 1.0, 0.55685, 0.955805, 0.5216, 0.95369, 0.5250900000000001, 0.936695, 0.51421, 0.97933, 0.5, 0.945485, 0.535235, 0.94215, 2.0, 4.0, 2.0, 4.0, 2.0, 4.0, 2.0, 4.0, 2.0, 4.0, 2.0]
[1.0, 0.0, 1.0, 0.0, 1.0, 0.0, 1.0, 0.0, 1.0, 0.0, 1.0, 0.485955, 1.0, 0.489065, 0.99914, 0.484565, 0.99764, 0.48381, 0.99657, 0.48274, 1.0, 0.480595, 1.0, 2.0, 4.0, 2.0, 4.0, 2.0, 4.0, 2.0, 4.0, 2.0, 4.0, 2.0]
[1.0, 0.0, 1.0, 0.0, 1.0, 1.0, 1.0, 1.0, 1.0, 1.0, 1.0, 0.49505, 0.970295, 0.49208, 0.959405, 0.51683, 0.968315, 0.5, 0.971285, 0.50693, 0.952475, 0.50396, 0.943565, 2.0, 4.0, 2.0, 4.0, 2.0, 4.0, 2.0, 4.0, 2.0, 4.0, 2.0]
[1.0, 0.0, 1.0, 1.0, 1.0, 0.0, 1.0, 1.0, 1.0, 1.0, 1.0, 0.51773, 0.98936, 0.50532, 0.98759, 0.51773, 1.0, 0.484045, 0.94858, 0.484045, 0.93085, 0.539005, 1.0, 2.0, 4.0, 2.0, 4.0, 2.0, 4.0, 2.0, 4.0, 2.0, 4.0, 2.0]
[1.0, 0.0, 1.0, 0.0, 1.0, 1.0, 1.0, 1.0, 1.0, 1.0, 1.0, 0.39394, 0.78788, 0.57576, 0.69697, 0.5, 0.78078, 0.522805, 0.757575, 0.51515, 0.8939399999999998, 0.59091, 0.6515150000000001, 2.0, 3.0, 2.0, 3.0, 2.0, 3.0, 2.0, 3.0, 2.0, 3.0, 3.0]
[1.0, 0.0, 1.0, 1.0, 1.0, 1.0, 1.0, 1.0, 1.0, 1.0, 0.0, 0.930605, 0.241185, 0.837885, 0.15643, 0.7076199999999999, 0.11490500000000003, 0.54949, 0.153015, 0.43174, 0.25256, 0.288965, 0.33731500000000003, 1.0, 2.0, 1.0, 2.0, 1.0, 3.0, 1.0, 3.0, 2.0, 3.0, 2.0]
[1.0, 0.0, 1.0, 1.0, 1.0, 1.0, 1.0, 1.0, 0.0, 1.0, 0.0, 0.92207, 0.16363, 0.8103899999999998, 0.08660000000000001, 0.65178, 0.06924999999999998, 0.473175, 0.13218, 0.328625, 0.24111, 0.187785, 0.38286, 0.0, 2.0, 0.0, 3.0, 0.0, 3.0, 1.0, 4.0, 2.0, 4.0, 2.0]
[1.0, 0.0, 1.0, 1.0, 1.0, 1.0, 1.0, 1.0, 0.0, 1.0, 0.0, 0.9163150000000002, 0.101715, 0.77543, 0.016845, 0.57596, 0.034995, 0.37223, 0.140685, 0.20310500000000004, 0.29227, 0.07397500000000001, 0.48875, 0.0, 3.0, 0.0, 4.0, 0.0, 4.0, 1.0, 4.0, 2.0, 4.0, 3.0]
[1.0, 0.0, 1.0, 1.0, 1.0, 1.0, 1.0, 1.0, 0.0, 1.0, 0.0, 0.6884250000000001, 0.06403999999999999, 0.6847300000000001, 0.03571499999999994, 0.455665, 0.30542, 0.32882, 0.26724000000000003, 0.08743999999999996, 0.472905, 0.03201999999999999, 0.62808, 1.0, 4.0, 1.0, 4.0, 2.0, 4.0, 4.0, 3.0, 2.0, 2.0, 4.0]
[1.0, 0.0, 1.0, 1.0, 1.0, 1.0, 1.0, 1.0, 0.0, 1.0, 0.0, 0.742425, 0.21212, 0.5, 0.21212, 0.439395, 0.333335, 0.257575, 0.454545, 0.07576000000000005, 0.742425, 0.21212, 0.78788, 1.0, 4.0, 1.0, 4.0, 2.0, 4.0, 3.0, 3.0, 3.0, 2.0, 3.0]
[1.0, 0.0, 1.0, 0.0, 1.0, 0.0, 1.0, 0.0, 1.0, 1.0, 1.0, 0.509145, 0.9695100000000002, 0.504575, 0.97866, 0.501525, 1.0, 0.51372, 0.9710350000000002, 0.4939, 0.95427, 0.512195, 0.957315, 2.0, 4.0, 2.0, 4.0, 2.0, 4.0, 2.0, 4.0, 2.0, 4.0, 2.0]
[1.0, 0.0, 1.0, 1.0, 1.0, 0.0, 1.0, 0.0, 1.0, 1.0, 1.0, 0.544325, 0.973405, 0.496455, 0.9716300000000001, 0.5, 0.96631, 0.601065, 0.975175, 0.496455, 0.9574450000000002, 0.503545, 0.90248, 2.0, 4.0, 2.0, 4.0, 2.0, 4.0, 2.0, 4.0, 2.0, 4.0, 2.0]
[1.0, 0.0, 1.0, 1.0, 1.0, 1.0, 1.0, 1.0, 1.0, 0.0, 1.0, 0.55319, 0.938285, 0.51456, 0.936175, 0.51691, 0.978725, 0.539005, 0.975175, 0.521275, 0.927985, 0.523715, 0.924655, 2.0, 4.0, 2.0, 4.0, 2.0, 4.0, 2.0, 4.0, 2.0, 4.0, 2.0]
[1.0, 0.0, 1.0, 1.0, 1.0, 1.0, 1.0, 1.0, 1.0, 0.0, 1.0, 0.537265, 0.935105, 0.50497, 0.931515, 0.505755, 0.919255, 0.468945, 0.92857, 0.51242, 0.92091, 0.508015, 0.91743, 2.0, 4.0, 2.0, 4.0, 2.0, 4.0, 2.0, 4.0, 2.0, 4.0, 2.0]
[1.0, 0.0, 1.0, 1.0, 1.0, 1.0, 1.0, 1.0, 1.0, 1.0, 1.0, 0.511545, 0.98579, 0.51776, 1.0, 0.51865, 0.989345, 0.510655, 0.992895, 0.52842, 0.98579, 0.52398, 0.97247, 2.0, 4.0, 2.0, 4.0, 2.0, 4.0, 2.0, 4.0, 2.0, 4.0, 2.0]
[1.0, 0.0, 1.0, 1.0, 1.0, 1.0, 1.0, 1.0, 1.0, 0.0, 1.0, 0.498895, 0.991715, 0.5116, 1.0, 0.50442, 0.987845, 0.503865, 0.989505, 0.508285, 0.990055, 0.503315, 0.9906100000000002, 2.0, 4.0, 2.0, 4.0, 2.0, 4.0, 2.0, 4.0, 2.0, 4.0, 2.0]
[1.0, 0.0, 1.0, 0.0, 1.0, 1.0, 1.0, 0.0, 1.0, 1.0, 1.0, 0.52237, 0.979865, 0.51454, 1.0, 0.53244, 0.994405, 0.51678, 1.0, 0.517895, 0.9988800000000002, 0.54698, 0.978745, 2.0, 4.0, 2.0, 4.0, 2.0, 4.0, 2.0, 4.0, 2.0, 4.0, 2.0]
[1.0, 0.0, 1.0, 1.0, 1.0, 1.0, 1.0, 1.0, 1.0, 1.0, 0.0, 0.918565, 0.19842, 0.7942099999999999, 0.10670999999999996, 0.69389, 0.08357500000000001, 0.49679, 0.15341, 0.33518499999999996, 0.23748, 0.23038, 0.363115, 0.0, 2.0, 0.0, 3.0, 0.0, 3.0, 1.0, 3.0, 1.0, 3.0, 2.0]
[1.0, 0.0, 1.0, 1.0, 1.0, 1.0, 1.0, 1.0, 0.0, 1.0, 0.0, 0.905955, 0.090715, 0.754745, 0.015069999999999972, 0.551725, 0.04271999999999999, 0.34294, 0.149185, 0.172695, 0.33823000000000003, 0.055005000000000026, 0.529325, 0.0, 3.0, 0.0, 4.0, 1.0, 4.0, 2.0, 4.0, 3.0, 4.0, 3.0]
[1.0, 0.0, 1.0, 1.0, 1.0, 1.0, 1.0, 1.0, 0.0, 1.0, 0.0, 0.63332, 0.18143000000000004, 0.624325, 0.011749999999999983, 0.498315, 0.383865, 0.400455, 0.34739, 0.25557, 0.42787, 0.050045000000000006, 0.546725, 1.0, 3.0, 2.0, 3.0, 2.0, 3.0, 2.0, 3.0, 3.0, 2.0, 3.0]
[1.0, 0.0, 1.0, 1.0, 1.0, 1.0, 1.0, 1.0, 0.0, 1.0, 0.0, 0.76204, 0.07894499999999999, 0.535555, 0.08594499999999998, 0.35638499999999995, 0.26484, 0.14137499999999997, 0.476205, 0.06998999999999994, 0.61646, 0.11841999999999996, 0.783315, 1.0, 4.0, 2.0, 4.0, 3.0, 3.0, 3.0, 3.0, 4.0, 2.0, 4.0]
[1.0, 0.0, 1.0, 1.0, 1.0, 1.0, 0.0, 1.0, 0.0, 0.0, 0.0, 0.530535, 0.27290000000000003, 0.5458, 0.41794, 0.34733, 0.448475, 0.301525, 0.59351, 0.412215, 0.67006, 0.440235, 0.64313, 2.0, 3.0, 3.0, 2.0, 3.0, 2.0, 3.0, 2.0, 2.0, 1.0, 1.0]
[1.0, 0.0, 1.0, 1.0, 1.0, 0.0, 1.0, 0.0, 1.0, 1.0, 1.0, 0.51065, 0.98944, 0.515365, 0.99585, 0.51169, 0.969645, 0.528565, 0.96776, 0.526395, 0.98869, 0.52762, 1.0, 2.0, 4.0, 2.0, 4.0, 2.0, 4.0, 2.0, 4.0, 2.0, 4.0, 2.0]
[1.0, 0.0, 1.0, 0.0, 1.0, 1.0, 1.0, 0.0, 1.0, 0.0, 1.0, 0.44133, 0.92312, 0.525145, 0.915605, 0.463005, 0.87399, 0.533525, 0.8916199999999999, 0.53179, 0.933815, 0.48815, 0.89422, 2.0, 4.0, 2.0, 4.0, 2.0, 4.0, 2.0, 4.0, 2.0, 4.0, 2.0]
[1.0, 0.0, 1.0, 0.0, 1.0, 0.0, 1.0, 0.0, 1.0, 0.0, 1.0, 0.447665, 0.8104949999999999, 0.467365, 0.796805, 0.463555, 0.711355, 0.367955, 0.791065, 0.52496, 0.74868, 0.456145, 0.731205, 2.0, 3.0, 2.0, 3.0, 2.0, 3.0, 2.0, 3.0, 2.0, 3.0, 2.0]
[1.0, 0.0, 1.0, 1.0, 1.0, 1.0, 1.0, 1.0, 1.0, 1.0, 1.0, 0.56034, 0.91548, 0.50372, 0.909075, 0.50427, 0.913885, 0.46513, 0.8826549999999999, 0.519405, 0.884895, 0.50574, 0.875355, 2.0, 4.0, 2.0, 4.0, 2.0, 4.0, 2.0, 4.0, 2.0, 4.0, 2.0]
[1.0, 0.0, 1.0, 0.0, 1.0, 1.0, 1.0, 1.0, 1.0, 0.0, 1.0, 0.429645, 0.70082, 0.255465, 0.69604, 0.7937149999999998, 0.88388, 0.6591549999999999, 0.89276, 0.556695, 0.737705, 0.275275, 1.0, 2.0, 4.0, 2.0, 4.0, 2.0, 4.0, 2.0, 3.0, 3.0, 2.0, 3.0]
[1.0, 0.0, 1.0, 1.0, 1.0, 0.0, 1.0, 0.0, 1.0, 0.0, 1.0, 0.56565, 0.905985, 0.533615, 0.8965349999999999, 0.455355, 1.0, 0.489495, 0.983195, 0.53309, 0.9380250000000001, 0.505775, 0.8876049999999999, 2.0, 4.0, 2.0, 4.0, 2.0, 4.0, 2.0, 4.0, 2.0, 4.0, 2.0]
[1.0, 0.0, 1.0, 1.0, 1.0, 0.0, 1.0, 0.0, 1.0, 1.0, 1.0, 0.516405, 0.970855, 0.53665, 0.973125, 0.49337, 0.9858650000000002, 0.5007, 0.97417, 0.53019, 0.96335, 0.54206, 0.96562, 2.0, 4.0, 2.0, 4.0, 2.0, 4.0, 2.0, 4.0, 2.0, 4.0, 2.0]
[1.0, 0.0, 1.0, 0.0, 1.0, 0.0, 1.0, 0.0, 1.0, 1.0, 1.0, 0.50883, 0.962975, 0.52344, 0.96977, 0.492695, 0.974185, 0.51002, 0.96892, 0.506965, 0.95703, 0.538385, 0.94735, 2.0, 4.0, 2.0, 4.0, 2.0, 4.0, 2.0, 4.0, 2.0, 4.0, 2.0]
[1.0, 0.0, 1.0, 0.0, 1.0, 0.0, 1.0, 0.0, 1.0, 1.0, 1.0, 0.483425, 0.945305, 0.49282, 0.95304, 0.47735, 0.956905, 0.49558, 0.903865, 0.43536, 0.943645, 0.506075, 0.960775, 2.0, 4.0, 2.0, 4.0, 2.0, 4.0, 2.0, 4.0, 2.0, 4.0, 2.0]
[1.0, 0.0, 1.0, 1.0, 1.0, 0.0, 1.0, 1.0, 1.0, 0.0, 1.0, 0.53339, 0.90334, 0.498245, 0.8963099999999998, 0.49473, 0.92882, 0.477155, 0.93585, 0.482425, 0.90861, 0.45255, 0.85501, 2.0, 4.0, 2.0, 4.0, 2.0, 4.0, 2.0, 4.0, 2.0, 4.0, 2.0]
