0.000000000000000000e+00
2.928932188134525383e-01
4.226497308103742134e-01
5.000000000000000000e-01
5.527864045000421278e-01
5.917517095361369828e-01
6.220355269907728024e-01
6.464466094067262691e-01
6.666666666666666297e-01
6.837722339831621143e-01
6.984886554222363708e-01
7.113248654051871345e-01
7.226499018873854263e-01
7.327387580875756035e-01
7.418011102528389022e-01
7.500000000000000000e-01
7.574643749636670309e-01
7.642977396044841054e-01
7.705842661294383111e-01
7.763932022500210639e-01
7.817821097640076378e-01
7.867992836443895577e-01
7.914855859429251739e-01
7.958758547680684359e-01
8.000000000000000444e-01
8.038838648618159555e-01
8.075499102701247933e-01
8.110177634953863457e-01
8.143046618229481393e-01
8.174258141649446419e-01
8.136642233685992265e-01
8.167588386092958785e-01
8.191008668603857457e-01
8.219313865603413705e-01
8.240640517874964210e-01
8.266666666666666607e-01
8.286187221704796046e-01
8.304966915023790364e-01
8.323051785017838711e-01
8.340483946517494029e-01
8.357302011540440612e-01
8.378303360847689785e-01
8.393886103763729123e-01
8.413503502478049123e-01
8.432435588033470042e-01
8.446373177508095242e-01
8.464140104597228653e-01
8.481325173818751173e-01
8.493877551020407868e-01
8.510070708874367673e-01
8.521843164711374596e-01
8.537138365402033857e-01
8.548206095944357319e-01
8.562685214114343912e-01
8.573113724117500389e-01
8.586848486057692131e-01
8.600203904111344277e-01
8.613196957974719181e-01
8.622453757133687891e-01
8.631492106905577222e-01
8.643599232395323684e-01
8.655398755398133748e-01
8.666903356423826255e-01
8.674999999999999378e-01
8.682921139487295159e-01
8.693703388402539423e-01
8.701246907994776292e-01
8.711575437321967819e-01
8.721667915121780190e-01
8.731533105709436970e-01
8.738362425674249812e-01
8.745058924061972494e-01
8.754366620491618178e-01
8.760773140310571527e-01
8.769726805721665963e-01
8.778494482981615832e-01
8.787082454591651492e-01
8.792932609102398489e-01
8.801211325446927081e-01
8.809326691025102241e-01
8.814814814814814214e-01
8.820210068856747521e-01
8.825515071378143839e-01
8.830732337843637536e-01
8.835864286100348908e-01
8.843238822606303007e-01
8.848180290571604489e-01
8.855316489857508744e-01
8.862325673099384904e-01
8.869211519900551677e-01
8.873779761111421083e-01
8.880453284163811745e-01
8.884862607981387495e-01
8.889207178666381770e-01
8.893488583377602286e-01
8.897708355030201632e-01
8.901867974663898453e-01
8.905968873685772280e-01
8.910012435995466884e-01
8.913999999999999702e-01
8.919913058544705065e-01
8.925733839255407531e-01
8.931464686039769507e-01
8.937107860899820011e-01
8.942665547558055206e-01
8.946253062437051762e-01
8.951663661295997665e-01
8.955142708471759416e-01
8.958577946905289524e-01
8.961970298902955934e-01
8.967122461459848815e-01
8.972201326841677815e-01
8.975438681727436752e-01
8.980391518685026941e-01
8.985275722707100066e-01
8.988368705001410497e-01
8.991425576934690689e-01
8.994447043951169229e-01
8.997433792240083772e-01
9.002053156074896201e-01
9.006611570247933241e-01
9.011110344521022775e-01
9.015550749895834270e-01
9.019934020068802738e-01
9.024261352820082127e-01
9.026946609752746209e-01
9.029603219197405162e-01
9.032231693046478549e-01
9.036382918002437981e-01
9.040483141079111995e-01
9.044533383250809022e-01
9.048534637332231734e-01
9.052487868964106399e-01
9.054901480243698897e-01
9.057291034233347915e-01
9.059656932801706253e-01
9.063459422444872793e-01
9.065768599856426357e-01
9.068055424453197455e-01
9.071748830366054284e-01
9.073981897496655735e-01
9.076193818165019245e-01
9.078384928095148965e-01
9.081944444444444153e-01
9.085464642260934198e-01
9.088946229169679869e-01
9.091029351025680105e-01
9.093093610852397424e-01
9.096481576951742642e-01
9.098500017357495917e-01
9.101825058748634900e-01
9.105115036459262567e-01
9.107063363443403947e-01
9.108994793956426417e-01
9.110909573804583106e-01
9.114089995073021422e-01
9.117237910546570623e-01
9.120353861507785043e-01
9.122180515178608395e-01
9.125241973258746420e-01
9.128272919898103854e-01
9.130039282707981263e-01
9.131791262079286264e-01
9.133529054550708626e-01
9.135252852903525955e-01
9.138167665530685380e-01
9.139856824930916446e-01
9.142723108995274295e-01
9.145562130177514737e-01
9.147197840341341202e-01
9.148820883391252101e-01
9.151594214672562622e-01
9.154341762473607869e-01
9.155914492005318150e-01
9.157475347187628012e-01
9.160160842148115101e-01
9.161691977302989232e-01
9.164335349278438514e-01
9.165837631449471612e-01
9.167328905127846150e-01
9.169914278114240647e-01
9.172476768573218919e-01
9.173923810202222473e-01
9.175360501797524826e-01
9.176786967645366166e-01
9.178203329943755984e-01
9.180679227563968148e-01
9.182070052298613172e-01
9.183451188192055525e-01
9.184822748576397800e-01
9.187231965347457674e-01
9.189620920242707047e-01
9.190953621261097606e-01
9.192277293214410339e-01
9.193592038825970647e-01
9.194897959183673253e-01
9.197210382199703105e-01
9.198493821521167568e-01
9.199768780900875464e-01
9.202035354437183567e-01
9.203288659642653302e-01
9.204533812104908064e-01
9.205770900896576014e-01
9.207000013728235954e-01
9.208221236975081547e-01
9.210405529489360532e-01
9.211606537268629546e-01
9.212799951931786024e-01
9.214942791918423470e-01
9.216116704225445488e-01
9.217283304957001322e-01
9.219386066840102867e-01
9.221472810847891610e-01
9.223543735441063207e-01
9.224668803132889394e-01
9.226712977427542484e-01
9.227820208967598692e-01
9.228920798209691023e-01
9.230014812090878706e-01
9.231102316604204994e-01
9.232183376815739084e-01
9.233258056881247233e-01
9.235223281049026456e-01
9.237174243028846155e-01
9.238222222222222113e-01
9.239264139344891547e-01
9.241181110579164137e-01
9.243084408196022839e-01
9.244974190767984989e-01
9.246850614332997598e-01
9.247848031580119255e-01
9.249701927263220824e-01
9.250684516222134057e-01
9.252516351710993181e-01
9.253484445854435192e-01
9.254447217549894855e-01
9.255404715950469319e-01
9.257197325708794722e-01
9.258140906398933945e-01
9.259912720119455320e-01
9.261672564218471626e-01
9.263420570149505373e-01
9.265156867376234118e-01
9.266061911279629415e-01
9.267778517320467424e-01
9.268670756157278978e-01
9.269558341190621276e-01
9.270441313182936627e-01
9.272122925249064451e-01
9.272993578606997245e-01
9.273859763848614213e-01
9.275515170275405730e-01
9.277159911218373356e-01
9.278794098366179854e-01
9.280417841795377543e-01
9.281249999999999778e-01
9.282078009687012576e-01
9.282901905576556034e-01
9.283721721982917119e-01
9.284537492820570392e-01
9.285349251610135468e-01
9.286157031484202351e-01
9.286960865193067960e-01
9.287760785110359407e-01
9.289311540219709062e-01
9.290100890913756126e-01
9.290886443984986975e-01
9.292414498773506892e-01
9.293933268493695943e-01
9.295442844790671177e-01
9.296205310682980061e-01
9.297699483366865802e-01
9.299184710292265343e-01
9.300661078463433595e-01
9.301401400991219370e-01
9.302862943068137547e-01
9.303593839799589871e-01
9.304321389909265827e-01
9.305762464992105576e-01
9.306480838569004543e-01
9.307195960072761620e-01
9.307907854210221155e-01
9.309323259207226142e-01
9.310026283259659197e-01
9.310726169971528243e-01
9.311422942839788774e-01
9.312813489227335095e-01
9.313501684253208124e-01
9.314186851211072593e-01
9.314869012461797215e-01
9.316235475359198048e-01
9.316909337643068945e-01
9.318262869854907482e-01
9.318928583826782130e-01
9.319591431980633889e-01
9.320251435020149300e-01
9.320908613440342938e-01
9.321562987530220834e-01
9.322883473696496059e-01
9.324196736194166890e-01
9.324838387327590850e-01
9.325477342614466592e-01
9.326113621062090964e-01
9.326747241490808138e-01
9.327378222536343300e-01
9.328006582652117462e-01
9.328632340111513432e-01
9.329255513010111800e-01
9.330523368458835121e-01
9.331784499212070205e-01
9.332395876309407257e-01
9.333004766089660897e-01
9.333611185536899724e-01
9.334215151473377325e-01
9.334816680561495161e-01
9.335415789305742118e-01
9.336643408881086792e-01
9.337235741819985835e-01
9.337825715438811125e-01
9.338413345512550645e-01
9.338998647668986797e-01
9.339581637390439450e-01
9.340781525061944146e-01
9.341975308641974340e-01
9.342547653853120471e-01
9.343731267375384730e-01
9.344908914568055280e-01
9.346080644184471264e-01
9.346638601693838533e-01
9.347194421754749794e-01
9.347748118106131709e-01
9.348902114002323183e-01
9.350050395222918587e-01
9.350594205244098234e-01
9.351732981690488167e-01
9.352270930826579454e-01
9.352806867784210221e-01
9.353340805188365970e-01
9.353872755553641616e-01
9.354990966579586065e-01
9.355517254945250327e-01
9.356626398575180747e-01
9.357147113880377454e-01
9.358247318279896421e-01
9.358762547577200719e-01
9.359853938353076552e-01
9.360363766858985635e-01
9.360871754481203677e-01
9.361950978268652745e-01
9.362453680137362566e-01
9.362954583609933712e-01
9.363453699474209024e-01
9.363951038427908991e-01
9.364446611079597638e-01
9.365503808231311345e-01
9.366556094976657976e-01
9.367043284169822570e-01
9.367528766205138746e-01
9.368569654176421846e-01
9.369605759950275781e-01
9.370083102493074190e-01
9.371111280700783475e-01
9.371583809763291972e-01
9.372604166269996595e-01
9.373619898327343325e-01
9.374084591794676902e-01
9.374547706281889381e-01
9.375552729038426625e-01
9.376011239619170823e-01
9.377008746474650991e-01
9.377462720254093886e-01
9.378452809367037180e-01
9.378902312131061070e-01
9.379885079847661844e-01
9.380330176095563743e-01
9.381305716992766053e-01
9.381746469969001190e-01
9.382185776367218955e-01
9.382623644135800189e-01
9.383586396951958397e-01
9.384544964041358073e-01
9.385499374869680222e-01
9.385927465405604631e-01
9.386354177515100483e-01
9.387298999144374489e-01
9.387721630821224128e-01
9.388142913140881118e-01
9.388562853311330780e-01
9.389495597304635677e-01
9.389911556282849459e-01
9.390326201160626995e-01
9.390739538883702275e-01
9.391660482199312154e-01
9.392069934607775172e-01
9.392984436048992247e-01
9.393390056381571984e-01
9.394298194753958331e-01
9.395202547829275552e-01
9.396103141144626081e-01
9.396499999999999853e-01
9.396895643226663708e-01
9.397787589486363835e-01
9.398675863476748660e-01
9.399560489668392638e-01
9.400441492307453073e-01
9.400826284580844350e-01
9.401209921823209248e-01
9.402082605902213341e-01
9.402462751886710990e-01
9.403329570812433147e-01
9.404192889682262413e-01
9.404567294476194883e-01
9.405424857040107778e-01
9.406278981874679479e-01
9.407129691283997452e-01
9.407977007372987366e-01
9.408820952049666841e-01
9.409661547027377004e-01
9.410021486858006767e-01
9.410856583302837919e-01
9.411688388643479897e-01
9.412042990225339967e-01
9.412869396567870028e-01
9.413220870841166876e-01
9.414041939634669731e-01
9.414390326484992633e-01
9.414737734112965661e-01
9.415551456816223519e-01
9.416362030916927139e-01
9.416704359854390916e-01
9.417045737768302560e-01
9.417386169050694367e-01
9.417725658065794203e-01
9.418064209150238675e-01
9.418861596728231866e-01
9.419655945929709118e-01
9.419989609584449308e-01
9.420322361969697411e-01
9.421109788087428383e-01
9.421894240360567663e-01
9.422222222222220722e-01
9.423001807221808024e-01
9.423327000536066977e-01
9.424101771270464445e-01
9.424424210167766658e-01
9.424745788333990237e-01
9.425066509583251984e-01
9.425386377706553853e-01
9.426150830770406719e-01
9.426468014069233625e-01
9.426784359867773633e-01
9.427542349713275982e-01
9.427856054730311408e-01
9.428609466131953054e-01
9.428920562031923858e-01
9.429230847061812470e-01
9.429977961490081384e-01
9.430722360963929018e-01
9.431028331592243852e-01
9.431333513527464518e-01
9.431637910140733272e-01
9.431941524783536979e-01
9.432244360787839232e-01
9.432977455948980960e-01
9.433277817638905383e-01
9.433577414548832696e-01
9.433876249908462741e-01
9.434601677356233562e-01
9.435324527267514583e-01
9.436044814448825147e-01
9.436762553589670421e-01
9.437477759263719346e-01
9.438190445929960370e-01
9.438900627933844989e-01
9.439608319508435708e-01
9.439893366708277389e-01
9.440597000534911576e-01
9.441298182282553686e-01
9.441579389234352471e-01
9.441859911370780178e-01
9.442555551861288032e-01
9.443248787715806669e-01
9.443939632374344084e-01
9.444214876033057982e-01
9.444489459079704607e-01
9.445174906762394684e-01
9.445447331398365565e-01
9.446128942752315405e-01
9.446399233134027407e-01
9.447077045943773621e-01
9.447752557840384258e-01
9.448019277386942028e-01
9.448285370284967843e-01
9.448955697257590547e-01
9.449623766625026011e-01
9.450289590679562535e-01
9.450550767134491270e-01
9.450811338708172693e-01
9.451472109306314762e-01
9.451730676410041720e-01
9.452387850301647854e-01
9.453042841188049605e-01
9.453298046477818239e-01
9.453949495352563792e-01
9.454202753402785042e-01
9.454850694007195244e-01
9.455496503186834323e-01
9.456140192275868106e-01
9.456388845217096328e-01
9.456636941379470418e-01
9.457275872236862169e-01
9.457522096523238719e-01
9.457767773105340003e-01
9.458012903977449648e-01
9.458257491124194560e-01
9.458501536520599329e-01
9.459131889327502263e-01
9.459374110300918792e-01
9.459615798269880305e-01
9.460241570539555944e-01
9.460481460026753942e-01
9.461103966834485401e-01
9.461724485907888615e-01
9.461961348113953063e-01
9.462578649423168953e-01
9.463193990784938281e-01
9.463427875613510398e-01
9.463661258060055426e-01
9.464272211720227146e-01
9.464881239828040194e-01
9.465488352189572741e-01
9.466093558542203468e-01
9.466321634033663113e-01
9.466549228160092699e-01
9.467150174351552927e-01
9.467376113256178449e-01
9.467974017812613718e-01
9.468198318414560166e-01
9.468422150986307573e-01
9.468645517116673904e-01
9.469238104154500402e-01
9.469459860063234036e-01
9.470049480892213101e-01
9.470637289930264879e-01
9.471223296171369377e-01
9.471807508548096832e-01
9.472024305219159945e-01
9.472605623631196181e-01
9.472820873457821200e-01
9.473399323215730972e-01
9.473976018061001092e-01
9.474550966594880164e-01
9.474762513707820633e-01
9.474973637183357056e-01
9.475184338392722561e-01
9.475394618701418192e-01
9.475604479469234009e-01
9.475813922050274618e-01
9.476022947792982487e-01
9.476231558040169034e-01
9.476796260367897906e-01
9.477003409277326984e-01
9.477565388726444384e-01
9.477771090592299608e-01
9.478330370353110768e-01
9.478887996173042119e-01
9.479091242264732209e-01
9.479294092181099751e-01
9.479848041017959748e-01
9.480049485663613051e-01
9.480600802716583342e-01
9.481150506005615597e-01
9.481698603158321692e-01
9.482245101752726502e-01
9.482790009317698665e-01
9.483333333333333615e-01
9.483875081231367687e-01
9.484069239634328463e-01
9.484263031875452832e-01
9.484801286647708274e-01
9.485337990453353019e-01
9.485873150509328555e-01
9.486406773986393315e-01
9.486596402256073368e-01
9.487127559316277381e-01
9.487657199038498357e-01
9.488185328422691356e-01
9.488371818369982780e-01
9.488557966807422694e-01
9.489082757780972210e-01
9.489267652605064551e-01
9.489452210831603729e-01
9.489636433435135743e-01
9.489820321386704949e-01
9.490003875653866272e-01
9.490187097200702970e-01
9.490369986987831075e-01
9.490886994132951004e-01
9.491068664924540155e-01
9.491583342012080982e-01
9.492096583737482662e-01
9.492276170649248668e-01
9.492787111951824786e-01
9.493296635334581568e-01
9.493474168637227040e-01
9.493981420706623098e-01
9.494487271998028888e-01
9.494662781387526174e-01
9.495166389961642306e-01
9.495340745753314549e-01
9.495514796974726668e-01
9.495688544466800440e-01
9.496188253341690810e-01
9.496686597410534114e-01
9.497183582689934234e-01
9.497679215160031996e-01
9.498173500764772736e-01
9.498342820816733090e-01
9.498511851420605723e-01
9.499003173999065464e-01
9.499493169774892998e-01
9.499660301123050710e-01
9.500148176729961147e-01
9.500634741126253724e-01
9.501119999999999566e-01
9.501284470187448816e-01
9.501767644496398324e-01
9.501931057184113127e-01
9.502094197777272155e-01
9.502574527299970653e-01
9.502736622715092230e-01
9.503214905437435966e-01
9.503691920603445364e-01
9.504167673634892344e-01
9.504642169921667660e-01
9.504800949413204636e-01
9.504959470177661851e-01
9.505431212491887161e-01
9.505588727180931397e-01
9.506058486629372917e-01
9.506527016438417466e-01
9.506682795322943802e-01
9.506838323905323351e-01
9.507304161812405452e-01
9.507458710163835258e-01
9.507922609083713228e-01
9.508076185621718857e-01
9.508229517897199834e-01
9.508382606508478663e-01
9.508535452052235826e-01
9.508688055123514227e-01
9.509147164781974748e-01
9.509605093647870433e-01
9.509756036223439013e-01
9.510212085061729992e-01
9.510362088250964296e-01
9.510816270757480595e-01
9.510965342504161812e-01
9.511114182096098713e-01
9.511262790088126362e-01
9.511411167033622105e-01
9.511861428288118647e-01
9.512008889116377874e-01
9.512156121921968577e-01
9.512303127246223289e-01
9.512449905629049018e-01
9.512596457608933909e-01
9.512742783722943907e-01
9.513187838168909449e-01
9.513631775419884029e-01
9.514074599998543214e-01
9.514516316402398255e-01
9.514659752283762817e-01
9.515099706645927524e-01
9.515538564870185123e-01
9.515680473372780668e-01
9.515822168548522253e-01
9.516258636136705196e-01
9.516399471682488453e-01
9.516834214288317773e-01
9.517267883004819629e-01
9.517700482109776594e-01
9.518132015857552197e-01
9.518270090818433671e-01
9.518407962577040138e-01
9.518837176774500586e-01
9.518974219108019552e-01
9.519111060824653192e-01
9.519537978129505307e-01
9.519963854323696406e-01
