0.000000000000000000e+00
5.000000000000000000e-01
6.666666666666666297e-01
7.500000000000000000e-01
8.000000000000000444e-01
8.333333333333333703e-01
7.142857142857143016e-01
7.500000000000000000e-01
6.666666666666666297e-01
6.999999999999999556e-01
7.272727272727272929e-01
6.666666666666666297e-01
6.153846153846154188e-01
5.714285714285713969e-01
5.333333333333333259e-01
5.000000000000000000e-01
4.705882352941176405e-01
5.000000000000000000e-01
4.736842105263157632e-01
4.500000000000000111e-01
4.285714285714285476e-01
4.545454545454545303e-01
4.782608695652174058e-01
4.583333333333333148e-01
4.799999999999999822e-01
4.615384615384615641e-01
4.444444444444444198e-01
4.285714285714285476e-01
4.482758620689655249e-01
4.666666666666666741e-01
4.838709677419354982e-01
5.000000000000000000e-01
4.848484848484848619e-01
5.000000000000000000e-01
4.857142857142857095e-01
5.000000000000000000e-01
4.864864864864865135e-01
4.736842105263157632e-01
4.615384615384615641e-01
4.500000000000000111e-01
4.390243902439024404e-01
4.523809523809523836e-01
4.418604651162790775e-01
4.545454545454545303e-01
4.666666666666666741e-01
4.565217391304347561e-01
4.680851063829787329e-01
4.791666666666666852e-01
4.693877551020408379e-01
4.799999999999999822e-01
4.705882352941176405e-01
4.807692307692307820e-01
4.716981132075471761e-01
4.814814814814814548e-01
4.727272727272727182e-01
4.821428571428571508e-01
4.912280701754385692e-01
5.000000000000000000e-01
4.915254237288135819e-01
4.833333333333333370e-01
4.918032786885245811e-01
5.000000000000000000e-01
5.079365079365079083e-01
5.000000000000000000e-01
4.923076923076923350e-01
5.000000000000000000e-01
4.925373134328357994e-01
5.000000000000000000e-01
5.072463768115942351e-01
5.142857142857142350e-01
5.070422535211267512e-01
5.000000000000000000e-01
5.068493150684931781e-01
5.000000000000000000e-01
5.066666666666667096e-01
5.131578947368421462e-01
5.194805194805194315e-01
5.128205128205127750e-01
5.189873417721518889e-01
5.250000000000000222e-01
5.185185185185184897e-01
5.121951219512195230e-01
5.060240963855421326e-01
5.000000000000000000e-01
4.941176470588235503e-01
5.000000000000000000e-01
4.942528735632183978e-01
5.000000000000000000e-01
5.056179775280899014e-01
5.111111111111110716e-01
5.054945054945054750e-01
5.108695652173913526e-01
5.053763440860215006e-01
5.000000000000000000e-01
4.947368421052631415e-01
4.895833333333333148e-01
4.845360824742268036e-01
4.795918367346938549e-01
4.747474747474747514e-01
4.699999999999999734e-01
4.752475247524752255e-01
4.803921568627451122e-01
4.854368932038835016e-01
4.903846153846153633e-01
4.952380952380952550e-01
4.905660377358490587e-01
4.953271028037383172e-01
4.907407407407407551e-01
4.862385321100917701e-01
4.818181818181818121e-01
4.864864864864865135e-01
4.910714285714285476e-01
4.867256637168141387e-01
4.912280701754385692e-01
4.956521739130435034e-01
4.913793103448275690e-01
4.871794871794871695e-01
4.830508474576271083e-01
4.789915966386554813e-01
4.833333333333333370e-01
4.876033057851239527e-01
4.918032786885245811e-01
4.959349593495934738e-01
5.000000000000000000e-01
5.040000000000000036e-01
5.000000000000000000e-01
4.960629921259842590e-01
4.921875000000000000e-01
4.961240310077519311e-01
5.000000000000000000e-01
5.038167938931297218e-01
5.075757575757575690e-01
5.112781954887217761e-01
5.074626865671642006e-01
5.037037037037036535e-01
5.000000000000000000e-01
5.036496350364964014e-01
5.000000000000000000e-01
4.964028776978417490e-01
5.000000000000000000e-01
4.964539007092198530e-01
4.929577464788732488e-01
4.895104895104895326e-01
4.930555555555555802e-01
4.965517241379310276e-01
5.000000000000000000e-01
4.965986394557823091e-01
4.932432432432432567e-01
4.966442953020134277e-01
4.933333333333333459e-01
4.966887417218542877e-01
5.000000000000000000e-01
4.967320261437908613e-01
4.935064935064935043e-01
4.903225806451612656e-01
4.935897435897436125e-01
4.968152866242038224e-01
5.000000000000000000e-01
4.968553459119496862e-01
5.000000000000000000e-01
5.031055900621117516e-01
5.000000000000000000e-01
4.969325153374233306e-01
4.939024390243902385e-01
4.909090909090909061e-01
4.939759036144578119e-01
4.910179640718562721e-01
4.940476190476190688e-01
4.970414201183431802e-01
4.941176470588235503e-01
4.912280701754385692e-01
4.941860465116278966e-01
4.971098265895953494e-01
4.942528735632183978e-01
4.914285714285714368e-01
4.943181818181818232e-01
4.915254237288135819e-01
4.943820224719100986e-01
4.916201117318435565e-01
4.888888888888888729e-01
4.917127071823204632e-01
4.945054945054945250e-01
4.918032786885245811e-01
4.891304347826087029e-01
4.864864864864865135e-01
4.838709677419354982e-01
4.866310160427807507e-01
4.840425531914893664e-01
4.814814814814814548e-01
4.789473684210526216e-01
4.816753926701570765e-01
4.843750000000000000e-01
4.818652849740932553e-01
4.793814432989690899e-01
4.769230769230769496e-01
4.744897959183673741e-01
4.771573604060913576e-01
4.747474747474747514e-01
4.723618090452261220e-01
4.749999999999999778e-01
4.726368159203980235e-01
4.702970297029702706e-01
4.679802955665024466e-01
4.656862745098039325e-01
4.634146341463414864e-01
4.660194174757281704e-01
4.637681159420289911e-01
4.615384615384615641e-01
4.641148325358851467e-01
4.619047619047619291e-01
4.597156398104265129e-01
4.622641509433962348e-01
4.647887323943661886e-01
4.672897196261682207e-01
4.651162790697674354e-01
4.675925925925926152e-01
4.654377880184331628e-01
4.633027522935779796e-01
4.611872146118721205e-01
4.590909090909091050e-01
4.570135746606334703e-01
4.549549549549549710e-01
4.573991031390134410e-01
4.598214285714285476e-01
4.577777777777777835e-01
4.557522123893805177e-01
4.581497797356828272e-01
4.605263157894736725e-01
4.628820960698690201e-01
4.652173913043478048e-01
4.632034632034632282e-01
4.655172413793103314e-01
4.635193133047210146e-01
4.658119658119658224e-01
4.638297872340425565e-01
4.618644067796610075e-01
4.599156118143459815e-01
4.621848739495798553e-01
4.602510460251045821e-01
4.625000000000000222e-01
4.647302904564315496e-01
4.669421487603305776e-01
4.691358024691357764e-01
4.672131147540983798e-01
4.693877551020408379e-01
4.674796747967479571e-01
4.655870445344129638e-01
4.637096774193548154e-01
4.658634538152610638e-01
4.640000000000000235e-01
4.621513944223107351e-01
4.642857142857143016e-01
4.664031620553359958e-01
4.685039370078740162e-01
4.705882352941176405e-01
4.687500000000000000e-01
4.669260700389105123e-01
4.651162790697674354e-01
4.633204633204633383e-01
4.615384615384615641e-01
4.597701149425287293e-01
4.580152671755725047e-01
4.562737642585551479e-01
4.545454545454545303e-01
4.566037735849056700e-01
4.548872180451127845e-01
4.531835205992509330e-01
4.552238805970149071e-01
4.572490706319702336e-01
4.592592592592592560e-01
4.575645756457564772e-01
4.595588235294117418e-01
4.615384615384615641e-01
4.635036496350364854e-01
4.618181818181817944e-01
4.637681159420289911e-01
4.620938628158844930e-01
4.604316546762590168e-01
4.623655913978494403e-01
4.607142857142856873e-01
4.590747330960854300e-01
4.574468085106382920e-01
4.593639575971731337e-01
4.577464788732394374e-01
4.561403508771929571e-01
4.545454545454545303e-01
4.564459930313589098e-01
4.548611111111111049e-01
4.532871972318339160e-01
4.517241379310344973e-01
4.536082474226804107e-01
4.520547945205479201e-01
4.539249146757678988e-01
4.523809523809523836e-01
4.508474576271186418e-01
4.493243243243243423e-01
4.478114478114478270e-01
4.463087248322147871e-01
4.481605351170568352e-01
4.500000000000000111e-01
4.485049833887043147e-01
4.470198675496688812e-01
4.455445544554455517e-01
4.440789473684210731e-01
4.426229508196721230e-01
4.411764705882352811e-01
4.397394136807817322e-01
4.383116883116883189e-01
4.401294498381876918e-01
4.419354838709677602e-01
4.405144694533761895e-01
4.391025641025640969e-01
4.376996805111821320e-01
4.363057324840764473e-01
4.349206349206349298e-01
4.335443037974683334e-01
4.353312302839116854e-01
4.339622641509434109e-01
4.326018808777429281e-01
4.312500000000000222e-01
4.299065420560747586e-01
4.285714285714285476e-01
4.303405572755417685e-01
4.320987654320987414e-01
4.307692307692307931e-01
4.325153374233128845e-01
4.342507645259938709e-01
4.359756097560975596e-01
4.346504559270516488e-01
4.333333333333333481e-01
4.320241691842900411e-01
4.337349397590361533e-01
4.354354354354354473e-01
4.341317365269460882e-01
4.358208955223880632e-01
4.345238095238095344e-01
4.332344213649851894e-01
4.319526627218934767e-01
4.306784660766961870e-01
4.323529411764706065e-01
4.310850439882698004e-01
4.327485380116958824e-01
4.314868804664723223e-01
4.331395348837209225e-01
4.318840579710144789e-01
4.335260115606936471e-01
4.322766570605187098e-01
4.310344827586206629e-01
4.326647564469914276e-01
4.314285714285714390e-01
4.301994301994301884e-01
4.289772727272727071e-01
4.277620396600566588e-01
4.265536723163841915e-01
4.281690140845070269e-01
4.297752808988763995e-01
4.285714285714285476e-01
4.273743016759776747e-01
4.289693593314763409e-01
4.305555555555555802e-01
4.293628808864266011e-01
4.309392265193370264e-01
4.297520661157024913e-01
4.313186813186813406e-01
4.328767123287671215e-01
4.316939890710382310e-01
4.305177111716620986e-01
4.320652173913043237e-01
4.308943089430894435e-01
4.324324324324324564e-01
4.312668463611860070e-01
4.327956989247311870e-01
4.316353887399463907e-01
4.331550802139037537e-01
4.319999999999999951e-01
4.335106382978723416e-01
4.323607427055702890e-01
4.312169312169312207e-01
4.300791556728232323e-01
4.315789473684210620e-01
4.330708661417322913e-01
4.345549738219895430e-01
4.334203655352480422e-01
4.322916666666666852e-01
4.337662337662337442e-01
4.326424870466321071e-01
4.315245478036175975e-01
4.304123711340206437e-01
4.318766066838046203e-01
4.307692307692307931e-01
4.296675191815856887e-01
4.285714285714285476e-01
4.300254452926208781e-01
4.289340101522842730e-01
4.303797468354430555e-01
4.292929292929292817e-01
4.307304785894206511e-01
4.321608040201004863e-01
4.335839598997493494e-01
4.324999999999999956e-01
4.314214463840398972e-01
4.328358208955223607e-01
4.342431761786600397e-01
4.356435643564356419e-01
4.370370370370370572e-01
4.359605911330049488e-01
4.348894348894348783e-01
4.362745098039215730e-01
4.352078239608802024e-01
4.365853658536585358e-01
4.379562043795620641e-01
4.368932038834951181e-01
4.382566585956416683e-01
4.396135265700483186e-01
4.409638554216867568e-01
4.423076923076922906e-01
4.436450839328537343e-01
4.449760765550239139e-01
4.439140811455847269e-01
4.452380952380952106e-01
4.465558194774346679e-01
4.454976303317535469e-01
4.468085106382978511e-01
4.457547169811320598e-01
4.470588235294117863e-01
4.460093896713615003e-01
4.449648711943793855e-01
4.462616822429906760e-01
4.475524475524475521e-01
4.465116279069767380e-01
4.454756380510440650e-01
4.444444444444444198e-01
4.434180138568129537e-01
4.423963133640553269e-01
4.436781609195402098e-01
4.449541284403669694e-01
4.439359267734553915e-01
4.429223744292237197e-01
4.441913439635535310e-01
4.454545454545454364e-01
4.444444444444444198e-01
4.457013574660633748e-01
4.446952595936794483e-01
4.459459459459459429e-01
4.449438202247191221e-01
4.439461883408071796e-01
4.429530201342282147e-01
4.419642857142856984e-01
4.432071269487750653e-01
4.422222222222222388e-01
4.412416851441241517e-01
4.424778761061947119e-01
4.415011037527593607e-01
4.427312775330396466e-01
4.417582417582417431e-01
4.407894736842105088e-01
4.420131291028446263e-01
4.432314410480349132e-01
4.422657952069716791e-01
4.413043478260869623e-01
4.403470715835141047e-01
4.393939393939393923e-01
4.384449244060475426e-01
4.396551724137930939e-01
4.387096774193548487e-01
4.377682403433476588e-01
4.368308351177730420e-01
4.380341880341880323e-01
4.392324093816631359e-01
4.404255319148936421e-01
4.416135881104034100e-01
4.427966101694915113e-01
4.439746300211416252e-01
4.451476793248945185e-01
4.463157894736842213e-01
4.453781512605042292e-01
4.465408805031446660e-01
4.476987447698744793e-01
4.467640918580375597e-01
4.458333333333333592e-01
4.469854469854470103e-01
4.481327800829875696e-01
4.492753623188405765e-01
4.483471074380165344e-01
4.474226804123711543e-01
4.485596707818930162e-01
4.476386036960985360e-01
4.487704918032787149e-01
4.478527607361963425e-01
4.489795918367346927e-01
4.501018329938900053e-01
4.491869918699186726e-01
4.482758620689655249e-01
4.493927125506073095e-01
4.505050505050505194e-01
4.516129032258064391e-01
4.507042253521126862e-01
4.497991967871485808e-01
4.509018036072144353e-01
4.500000000000000111e-01
4.510978043912175495e-01
4.521912350597609431e-01
4.512922465208747402e-01
4.523809523809523836e-01
4.514851485148514976e-01
4.525691699604743046e-01
4.536489151873767112e-01
4.547244094488189226e-01
4.538310412573673958e-01
4.529411764705882359e-01
4.540117416829745345e-01
4.531250000000000000e-01
4.522417153996101113e-01
4.513618677042801619e-01
4.504854368932038611e-01
4.496124031007752153e-01
4.506769825918762185e-01
4.498069498069497962e-01
4.489402697495182837e-01
4.500000000000000111e-01
4.491362763915546785e-01
4.501915708812260775e-01
4.512428298279158589e-01
4.503816793893129500e-01
4.514285714285714013e-01
4.524714828897338226e-01
4.516129032258064391e-01
4.507575757575757458e-01
4.517958412098298515e-01
4.528301886792452935e-01
4.538606403013182855e-01
4.548872180451127845e-01
4.540337711069418192e-01
4.531835205992509330e-01
4.542056074766355200e-01
4.533582089552238847e-01
4.543761638733705976e-01
4.535315985130111693e-01
4.526901669758812696e-01
4.518518518518518379e-01
4.528650646950092562e-01
4.520295202952029356e-01
4.530386740331491802e-01
4.540441176470588203e-01
4.550458715596330528e-01
4.560439560439560336e-01
4.552102376599634348e-01
4.562043795620437936e-01
4.553734061930783117e-01
4.563636363636363602e-01
4.573502722323048997e-01
4.583333333333333148e-01
4.575045207956600635e-01
4.566787003610108253e-01
4.558558558558558627e-01
4.550359712230215847e-01
4.542190305206463274e-01
4.534050179211469578e-01
4.525939177101968025e-01
4.517857142857142905e-01
4.527629233511586415e-01
4.519572953736654686e-01
4.529307282415630520e-01
4.521276595744680993e-01
4.530973451327433565e-01
4.540636042402826922e-01
4.532627865961199043e-01
4.524647887323943740e-01
4.534270650263620417e-01
4.526315789473684403e-01
4.535901926444833587e-01
4.545454545454545303e-01
4.554973821989528604e-01
4.564459930313589098e-01
4.573913043478260998e-01
4.583333333333333148e-01
4.592720970537261804e-01
4.584775086505190056e-01
4.576856649395509291e-01
4.586206896551723866e-01
4.595524956970740149e-01
4.604810996563573622e-01
4.614065180102915886e-01
4.606164383561643927e-01
4.615384615384615641e-01
4.624573378839590410e-01
4.633730834752981531e-01
4.625850340136054561e-01
4.617996604414261186e-01
4.627118644067796382e-01
4.619289340101522812e-01
4.611486486486486291e-01
4.603709949409780511e-01
4.595959595959596133e-01
4.588235294117646856e-01
4.580536912751677625e-01
4.572864321608040017e-01
4.581939799331103402e-01
4.574290484140233759e-01
4.583333333333333148e-01
4.592346089850249391e-01
4.584717607973421982e-01
4.593698175787728211e-01
4.602649006622516747e-01
4.595041322314049603e-01
4.603960396039604164e-01
4.612850082372322857e-01
4.605263157894736725e-01
4.614121510673234727e-01
4.606557377049180224e-01
4.599018003273322441e-01
4.591503267973855995e-01
4.600326264274062216e-01
4.609120521172638263e-01
4.617886178861788649e-01
4.626623376623376638e-01
4.635332252836304456e-01
4.627831715210355967e-01
4.620355411954765734e-01
4.629032258064516014e-01
4.637681159420289911e-01
4.630225080385851899e-01
4.638844301765649991e-01
4.647435897435897578e-01
4.656000000000000139e-01
4.648562300319488694e-01
4.657097288676236291e-01
4.649681528662420460e-01
4.642289348171700913e-01
4.650793650793650924e-01
4.643423137876386830e-01
4.651898734177215000e-01
4.660347551342812200e-01
4.668769716088327915e-01
4.677165354330708458e-01
4.669811320754717054e-01
4.662480376766091061e-01
4.670846394984325967e-01
4.663536776212832691e-01
4.671874999999999778e-01
4.680187207488299417e-01
4.672897196261682207e-01
4.665629860031104137e-01
4.673913043478261087e-01
4.666666666666666741e-01
4.674922600619195179e-01
4.667697063369397048e-01
4.660493827160493985e-01
4.653312788906009412e-01
4.646153846153845968e-01
4.639016897081413293e-01
4.647239263803680798e-01
4.655436447166921843e-01
4.648318042813455730e-01
4.656488549618320594e-01
4.649390243902439268e-01
4.657534246575342207e-01
4.650455927051671545e-01
4.643399089529590129e-01
4.636363636363636243e-01
4.629349470499243835e-01
4.637462235649547071e-01
4.630467571644042435e-01
4.623493975903614217e-01
4.616541353383458723e-01
4.609609609609609526e-01
4.602698650674662550e-01
4.595808383233532801e-01
4.603886397608370484e-01
4.611940298507462566e-01
4.619970193740685627e-01
4.627976190476190688e-01
4.621099554234769924e-01
4.629080118694361978e-01
4.637037037037037290e-01
4.630177514792899185e-01
4.623338257016247899e-01
4.631268436578170888e-01
4.624447717231222610e-01
4.632352941176470784e-01
4.640234948604992637e-01
4.648093841642228496e-01
4.655929721815519895e-01
4.649122807017543879e-01
4.642335766423357768e-01
4.650145772594752036e-01
4.643377001455604169e-01
4.636627906976744096e-01
4.644412191582003024e-01
4.652173913043478048e-01
