2.500000000000000000e-01
3.776927249187601032e-01
4.261862573893093198e-01
5.357759963129115066e-01
5.218623660247938556e-01
5.369209459414520103e-01
4.663150178292920223e-01
4.806783440787321116e-01
4.277611195977911729e-01
4.734799893377975577e-01
4.919014986548013169e-01
4.553929128705911933e-01
4.204984394220050437e-01
3.930802482572307577e-01
3.668789618448033973e-01
3.441912595399198027e-01
3.245075133793035582e-01
3.617991257609566857e-01
3.431658686463175401e-01
3.260111709028004623e-01
3.104877083859748366e-01
3.349586241924047969e-01
3.634712625522387164e-01
3.496829521752364278e-01
3.746167560881210612e-01
3.682859401419955048e-01
3.553689096425614591e-01
3.428075955545565323e-01
3.625280986494960889e-01
3.836507277883526301e-01
4.032351044019911179e-01
4.174929536034965860e-01
4.053158355785639877e-01
4.147815395084810119e-01
4.029308770854890809e-01
4.182585718586153689e-01
4.069542916301317481e-01
3.980354747835396778e-01
3.879412012973957324e-01
3.789836796649037609e-01
3.700381044982485879e-01
3.813925733771115212e-01
3.725231868020689729e-01
3.840690873091504032e-01
3.977558288502296424e-01
3.891847030172219113e-01
3.917048481919011560e-01
3.968594033315236413e-01
3.896541946009866031e-01
4.018515470366424425e-01
3.939723451946919863e-01
4.017681158064507208e-01
3.941875853409989028e-01
4.013182407435769705e-01
3.954437428892106365e-01
4.061249285748568805e-01
4.122966798827342183e-01
4.164975190315531872e-01
4.095015902148348985e-01
4.028895229521254895e-01
4.121483703406774723e-01
4.209445837384494515e-01
4.266475756452688395e-01
4.233433825421586971e-01
4.176430569741038101e-01
4.251814842539756167e-01
4.198457020704863818e-01
4.259214135557230496e-01
4.274014326223868898e-01
4.348110554375362313e-01
4.286907203057614968e-01
4.227368044713233908e-01
4.305843016267313361e-01
4.247655951672305585e-01
4.244689134943398501e-01
4.293102780030053633e-01
4.343580080438969038e-01
4.304509932761847457e-01
4.292504698422440756e-01
4.356780035650515970e-01
4.302992726489041631e-01
4.253049411088771770e-01
4.217955913631644127e-01
4.168205877317712749e-01
4.122520873087545668e-01
4.190058215561660027e-01
4.142565388264855542e-01
4.173201143458225015e-01
4.233175458097152566e-01
4.236198380571774558e-01
4.190358089591599278e-01
4.250801811895303928e-01
4.211687436435555543e-01
4.189513079346270374e-01
4.145419938865407272e-01
4.102610777219841687e-01
4.072372149023226195e-01
4.052915516929465056e-01
4.026034545034934409e-01
3.985774266711569203e-01
4.016170703827268706e-01
4.067166057306338400e-01
4.124727599087354979e-01
4.179849256189234197e-01
4.210472725568152330e-01
4.170812308819832892e-01
4.200364618091022573e-01
4.163158493443661623e-01
4.124968642384047590e-01
4.087483275055244225e-01
4.129564513344528565e-01
4.176723509070609519e-01
4.141568044074162569e-01
4.134452749024832285e-01
4.175133402084899026e-01
4.139441443295691636e-01
4.105119341450124137e-01
4.070330194488682718e-01
4.036125741827040758e-01
4.082380610617538652e-01
4.131131939018102828e-01
4.179205706079268112e-01
4.226527629189478219e-01
4.260020219119020068e-01
4.292899588654912058e-01
4.258828975542414130e-01
4.225294889124696640e-01
4.192284796718083184e-01
4.237166843952990813e-01
4.254824034552199263e-01
4.254998111859292775e-01
4.296557013299463490e-01
4.339440043128892643e-01
4.307058389044401969e-01
4.275154953665545876e-01
4.243741387962966516e-01
4.284528850113258902e-01
4.262607286175268406e-01
4.231941721097033926e-01
4.273141583684658129e-01
4.242891517617759511e-01
4.223512719744669242e-01
4.207878977211102489e-01
4.245171824473255029e-01
4.282611218202724834e-01
4.321283942959472935e-01
4.291910746096577745e-01
4.265256671551931889e-01
4.301927000037187865e-01
4.273249487869448804e-01
4.310900584933621271e-01
4.348044449749751683e-01
4.319625865611048665e-01
4.294729189411849446e-01
4.267021380502772909e-01
4.303752796902718392e-01
4.338385449110005454e-01
4.374181031623959881e-01
4.346670629104022465e-01
4.381412136267269775e-01
4.416276658863296234e-01
4.389015844105434994e-01
4.362090674448764749e-01
4.335492560686081132e-01
4.309428665775802969e-01
4.316126767182977275e-01
4.290981900543198169e-01
4.324855969627375840e-01
4.358412163949745288e-01
4.332774445342903458e-01
4.307436583104314876e-01
4.340419290554030085e-01
4.373092572051258675e-01
4.347959856119975042e-01
4.323114472532336161e-01
4.344766994732897070e-01
4.320232768484872921e-01
4.352124577011834972e-01
4.327982313614616716e-01
4.303975529102913589e-01
4.335063432037303266e-01
4.365371292841801476e-01
4.341516918460561758e-01
4.317921717816764482e-01
4.294582720050993396e-01
4.271493565642213719e-01
4.302062934109410763e-01
4.279179620630206848e-01
4.256538479424887278e-01
4.234135660679217428e-01
4.264322583279778756e-01
4.294195806562702278e-01
4.272011176488063611e-01
4.249990500352751055e-01
4.228195677274670938e-01
4.206623250349800225e-01
4.236030053515065230e-01
4.214635963542477937e-01
4.193456888362028789e-01
4.222489254332286723e-01
4.201481845111894042e-01
4.180682674772234764e-01
4.160088178906773404e-01
4.139695619162459539e-01
4.119501982440874621e-01
4.148048089141261885e-01
4.128034766666942579e-01
4.108188445673353062e-01
4.136378688816906846e-01
4.116681648008965744e-01
4.097171308444959581e-01
4.125014805330883272e-01
4.145748077313857749e-01
4.173028720897500876e-01
4.153619284986349580e-01
4.177300325729816910e-01
4.158050093814011361e-01
4.138976490082242332e-01
4.120077054054469556e-01
4.101349431081494634e-01
4.082791288989772727e-01
4.069817879068120536e-01
4.096407344673305695e-01
4.122762155634559500e-01
4.104438780896723094e-01
4.086279684546855195e-01
4.112292082026752782e-01
4.138110252994435245e-01
4.163687448413476155e-01
4.188113769434438916e-01
4.169995060113989571e-01
4.195124391664105112e-01
4.177508190433874558e-01
4.202150046154156104e-01
4.184268565264901429e-01
4.166538613717395423e-01
4.152239191277434238e-01
4.176803254756507044e-01
4.163700582833680941e-01
4.184323978560332558e-01
4.208455019528338226e-01
4.232387023549026850e-01
4.256067154409581832e-01
4.238624256235772325e-01
4.262140071396493535e-01
4.244814298765281491e-01
4.227628815774329141e-01
4.210581928178994127e-01
4.233832602874398332e-01
4.217026073533217123e-01
4.207537381874950633e-01
4.230430316842027083e-01
4.253234686408630116e-01
4.275859505120149229e-01
4.277823631253053205e-01
4.261113382693595408e-01
4.244533453903854836e-01
4.228081773849980407e-01
4.211757133820817622e-01
4.195558067921507095e-01
4.179500704359304653e-01
4.163548411594575893e-01
4.150460535151235253e-01
4.134739093747216709e-01
4.156547689929726008e-01
4.140921570794652284e-01
4.125412501241138008e-01
4.147332603789956607e-01
4.166741008621293596e-01
4.179859559243628286e-01
4.164474332937211365e-01
4.185924896050225441e-01
4.207020805750770753e-01
4.228163061054749927e-01
4.212787947167671576e-01
4.228003125453824174e-01
4.212767878132536170e-01
4.197614036844289909e-01
4.204990290370673733e-01
4.189972470055529086e-01
4.175061535998395579e-01
4.160256353246631345e-01
4.180888705876834588e-01
4.166167266771752531e-01
4.151549136011152830e-01
4.137033247569499861e-01
4.157409089299504701e-01
4.142973641074028657e-01
4.128638092142977167e-01
4.114401431776398277e-01
4.130794974951405574e-01
4.116648416909420849e-01
4.136719326456191892e-01
4.122648852561916488e-01
4.108673772140834513e-01
4.094793123103762644e-01
4.081006042396799760e-01
4.067311393303290612e-01
4.081658424710027377e-01
4.101362861015507288e-01
4.087741327196170449e-01
4.074205759887584155e-01
4.060759542063095973e-01
4.047401780412968608e-01
4.034132654928415662e-01
4.020949220669064461e-01
4.007851666204345076e-01
4.000515622245071068e-01
4.014063000914835921e-01
4.033372475094503251e-01
4.020860758725607886e-01
4.007973384499673442e-01
3.995906867212972169e-01
3.983181054818616396e-01
3.970536048839168330e-01
3.958472192494995046e-01
3.977530639831660109e-01
3.965022681844768138e-01
3.952597640703882087e-01
3.940245773076682112e-01
3.927970864171927423e-01
3.916850329178746537e-01
3.934337260361800426e-01
3.953046676475363563e-01
3.943030594476245043e-01
3.961579860001416264e-01
3.980045976386801798e-01
3.997985115581444426e-01
3.986747619661960562e-01
3.974666566818562119e-01
3.962658511648223247e-01
3.976954049553253490e-01
3.995039654113900496e-01
3.990374129413558069e-01
4.008163971937158121e-01
3.999546627814757893e-01
3.987678561189679227e-01
3.980628393238153095e-01
3.969183300335051290e-01
3.984930775152459859e-01
3.973318798820485998e-01
3.987761932458172009e-01
3.976293960494924895e-01
3.993795294244978922e-01
3.982231967459515243e-01
3.999623147191337935e-01
3.988096891817714540e-01
3.976636843278019140e-01
3.990142941932156573e-01
3.978742928626877728e-01
3.967542546121065050e-01
3.956271118463366432e-01
3.945063551801688551e-01
3.934912920137202952e-01
3.951993189925035455e-01
3.968875535318837633e-01
3.957758294837604995e-01
3.946703237184261970e-01
3.960484003888951610e-01
3.977239050463686754e-01
3.966221913909496743e-01
3.982873753682859563e-01
3.977962721786645894e-01
3.994503142342820667e-01
4.009924145963808528e-01
3.998968069062303066e-01
3.991306396822518199e-01
4.007574760953593884e-01
3.996964560063762106e-01
3.993593509987051204e-01
3.984426738248125210e-01
3.982780703206617035e-01
3.973072595900101756e-01
3.988871435259206399e-01
3.978813907121042659e-01
3.994520290439860233e-01
3.983928085701863298e-01
3.975828364399489057e-01
3.966328435271728736e-01
3.982204978335488477e-01
3.997999710223971714e-01
4.013710802295545887e-01
4.003231156901366772e-01
3.993530541794210742e-01
4.009130310696399913e-01
3.998744290264622525e-01
3.988411617680357457e-01
3.978172865499972621e-01
3.993649802815003591e-01
3.983409796472737741e-01
3.973222047632654075e-01
3.963086277102979005e-01
3.978447380712809567e-01
3.970126419776873195e-01
3.973466498230862065e-01
3.964297114609032224e-01
3.979460191469288977e-01
3.994581589488738760e-01
4.009628856772867178e-01
3.999605043660504067e-01
3.990115311930125808e-01
4.004456019933388955e-01
4.018262867875422861e-01
4.033069128236280165e-01
4.047732949161633731e-01
4.037764778301999868e-01
4.027844016514916525e-01
4.028156992924143420e-01
4.018308198333973014e-01
4.021029256696160292e-01
4.035575793774311970e-01
4.025780706898759442e-01
4.034055570794093937e-01
4.048462164338662572e-01
4.052889712482202755e-01
4.067185363335191761e-01
4.067828233353891210e-01
4.081921535829911019e-01
4.072179495438860708e-01
4.085366670465488959e-01
4.099414723059299215e-01
4.089700870102006003e-01
4.103673202843368117e-01
4.093994737350810098e-01
4.107176047676998065e-01
4.097534789349118189e-01
4.087938689840572848e-01
4.101751917125615599e-01
4.115320682775283068e-01
4.105752554276775323e-01
4.096290134134166205e-01
4.086808789731037894e-01
4.078821932197231881e-01
4.069423724980187895e-01
4.082474448453432547e-01
4.096040320941070623e-01
4.086667230961821828e-01
4.077336940565563506e-01
4.078347304056547662e-01
4.089970961578319186e-01
4.080696651007846842e-01
4.094088739879026551e-01
4.088813366716955167e-01
4.101965838491188343e-01
4.092747937730533692e-01
4.083571373574111929e-01
4.074472077518193069e-01
4.065377347433271615e-01
4.078593726633246708e-01
4.069530185018506163e-01
4.060514134433667599e-01
4.073654587120273396e-01
4.064661972137668111e-01
4.073989850727503526e-01
4.065037483342648916e-01
4.056122927458125638e-01
4.068645758880856667e-01
4.081591100047761156e-01
4.072698744709966623e-01
4.064270899994909536e-01
4.055523188247679989e-01
4.046744999558712363e-01
4.038009805679910191e-01
4.050793710057429831e-01
4.042193154301461089e-01
4.033518920064781410e-01
4.024881834582873519e-01
4.037583396198720642e-01
4.050296437725904863e-01
4.062946545909703056e-01
4.075551754712642971e-01
4.088102102896521983e-01
4.100600829900682420e-01
4.113046819603702331e-01
4.125385638766430607e-01
4.116718864338286821e-01
4.128916048911817627e-01
4.141198628210936428e-01
4.132553119592581869e-01
4.123943633942885323e-01
4.135997697273940954e-01
4.148163440744048747e-01
4.160277584426396724e-01
4.152157778862342608e-01
4.143596628803222770e-01
4.155646839529512637e-01
4.147135510380898227e-01
4.147500373728774115e-01
4.139019972795867086e-01
4.143298838498222780e-01
4.155223687251146103e-01
4.146778110651042071e-01
4.138366796024974814e-01
4.150232450284010444e-01
4.162049743600512164e-01
4.173819804601250905e-01
4.165436271817246072e-01
4.157071941954159078e-01
4.168781215495614978e-01
4.160443653064623826e-01
4.172099454156301124e-01
4.183708455036638796e-01
4.175392532127855660e-01
4.186949292976686610e-01
4.178658304607535956e-01
4.190162932463967760e-01
4.201622060950869764e-01
4.213036189798525788e-01
4.204759104946272918e-01
4.196514479250306739e-01
4.207871593769286211e-01
4.201889689977661990e-01
4.194575630545308020e-01
4.186571031648396168e-01
4.179367229771142611e-01
4.171267680876237227e-01
4.182541206458738614e-01
4.174466802587271652e-01
4.166423515532619581e-01
4.177631302601559904e-01
4.169612816416198853e-01
4.180762898837618313e-01
4.191889547185235765e-01
4.183889757973050516e-01
4.194968062196363645e-01
4.205767295997822619e-01
4.197786712893467054e-01
4.189836359270564525e-01
4.200817159946425572e-01
4.211759014323673833e-01
4.222658043351316670e-01
4.233517708650795797e-01
4.225574987299257068e-01
4.218531475887524751e-01
4.229335576503973071e-01
4.221445025932002437e-01
4.231916094617689250e-01
4.224050079682618586e-01
4.216213865484993994e-01
4.208406062046078921e-01
4.218762065006725348e-01
4.212290327532386969e-01
4.220484979460412678e-01
4.230728837833984679e-01
4.235516451632583834e-01
4.244084575143979299e-01
4.236325738771615779e-01
4.246843240637399597e-01
4.239107642773037865e-01
4.249581992512312389e-01
4.260018298140410553e-01
4.270292610587088644e-01
4.262570562466678203e-01
4.254876391776412081e-01
4.248308044402362427e-01
4.240667211938572989e-01
4.233053805813010717e-01
4.225467745465102953e-01
4.217908769176256234e-01
4.210426834933717610e-01
4.220746929630812549e-01
4.213521879005155402e-01
4.217342569427034449e-01
4.209936422362535735e-01
4.220184271569931145e-01
4.229947875571345994e-01
4.222867159333682507e-01
4.215432549918587957e-01
4.217980890052798748e-01
4.213893697855783937e-01
4.224025394945273293e-01
4.233805860290537071e-01
4.243868148104055771e-01
4.253896252219215857e-01
4.263625207635389769e-01
4.273580702557766009e-01
4.283505014312445902e-01
4.276094105986792404e-01
4.268708796689358875e-01
4.266069643259503552e-01
4.273239371522006280e-01
4.283079157789628777e-01
4.292885146811611929e-01
4.285584306946880750e-01
4.295352501876116280e-01
4.305063641846380018e-01
4.307620517962096329e-01
4.300302590232792932e-01
4.293001664195970624e-01
4.301946428770118125e-01
4.294667336820381931e-01
4.290977543294947627e-01
4.283745328634285254e-01
4.276533636211040101e-01
4.270235840401762628e-01
4.263071629721841838e-01
4.255932891856343270e-01
4.265503569349766155e-01
4.260554534019309059e-01
4.270117673257914359e-01
4.271297785184833273e-01
4.264202606139675944e-01
4.270319809347757345e-01
4.279003244878530343e-01
4.271930520449598312e-01
4.281361602794110377e-01
4.290693536375009276e-01
4.283642780274643513e-01
4.290101087166933169e-01
4.283068134651254466e-01
4.276173977213349464e-01
4.269186766521765874e-01
4.278115487429129393e-01
4.287433074747035167e-01
4.296597157496227504e-01
4.295227697391558186e-01
4.304469568199710272e-01
4.297508503371766930e-01
4.290565840200040726e-01
4.298932993730379404e-01
4.308111888625801855e-01
4.301552715956339923e-01
4.309739973899449073e-01
4.318851225461960985e-01
4.327855816023766233e-01
4.320942308333901583e-01
4.329998694392104830e-01
4.323103792012549795e-01
4.318630323391196013e-01
4.327241533674461293e-01
4.320383802845068066e-01
4.329369310683263694e-01
4.338327644687622331e-01
4.347257727188849064e-01
4.348005555080634577e-01
4.341169068358849414e-01
4.334354046273564132e-01
4.332149799593893458e-01
4.325370222653786012e-01
4.330994911208850828e-01
4.339585353726833628e-01
4.334205719816438540e-01
4.327778231018271637e-01
4.336584099007127491e-01
4.332126811115083465e-01
4.340900342618809749e-01
4.334191068584987705e-01
4.327502503112306553e-01
4.320834548962302901e-01
4.314187111194668911e-01
4.307855508110171039e-01
4.316500797187141081e-01
4.324136790792862950e-01
4.317524960837590964e-01
4.315814392066857352e-01
4.309235421069081418e-01
4.317875136548425807e-01
4.311313351462146559e-01
4.304771146073254062e-01
4.298248765553983053e-01
4.291746120041162738e-01
4.300353287190123441e-01
4.293903716427142081e-01
4.288229689781636877e-01
4.281825811289623473e-01
4.275396664752541542e-01
4.268986774700438969e-01
4.262597122061483890e-01
4.271101112989724169e-01
4.279651708156009815e-01
4.287974314217685712e-01
4.296247519086716649e-01
4.289863793203972375e-01
4.298136048239351581e-01
4.306583206800228547e-01
4.300212521583068881e-01
4.293860656706284251e-01
4.296456184492417063e-01
4.290128561247725236e-01
4.298521699984597100e-01
4.303652559202825190e-01
4.304706706881040734e-01
4.303861456475853720e-01
4.297601992844647389e-01
4.291550569269227955e-01
4.299290549059061606e-01
4.293032485319006608e-01
4.286792612521251877e-01
4.294597315128941273e-01
4.302866014672053763e-01
