5.000000000000000000e-01
2.890953299931697806e-01
7.233072115846818084e-01
7.019076521916704781e-02
3.172058546880157093e-01
7.824409533790666060e-01
7.934099490383614839e-01
7.623789266662691633e-01
9.334919271797519347e-01
9.407177137685117652e-01
8.222630916104883836e-01
2.319449702931290214e-01
4.200902330417750213e-02
1.914256072607974091e-01
7.807180721625118537e-03
6.225532079000160174e-02
9.781398064409339843e-02
2.123987536998536273e-03
8.813194984120255315e-02
8.480199052830506359e-03
4.296283215005454979e-03
9.213293961051242098e-01
4.636093446931035568e-03
1.804212113477312029e-01
1.357815819125670655e-02
4.582745263364046973e-01
1.397358817815806398e-01
6.043273267380434161e-02
4.359935941687951427e-02
1.898315393069636547e-03
4.627505497994552353e-03
9.270848282925178152e-01
8.749077988813001028e-01
8.527307718123826596e-01
2.890450442963279042e-03
2.289821977542336531e-02
4.510041275751947324e-04
2.608433465887753933e-01
6.602127553997404197e-02
1.721636895449152327e-01
1.105219337147227421e-01
9.202857150963978938e-01
2.991763741229907028e-03
9.383724255931927827e-01
9.999862282340278297e-01
5.902576159502250647e-02
7.124826497727142494e-01
2.005480033837035436e-01
2.092944708663030118e-01
2.391203973926531005e-04
3.500442424696140978e-03
1.059348921884113032e-01
3.372690858387680454e-05
1.172525972396108868e-01
7.203200780294932715e-01
3.210081669460701330e-03
1.294170038854060290e-01
8.099045317284211398e-01
9.388631138740649584e-01
8.869621547787152060e-01
1.629312615302127773e-02
2.147376069798765871e-02
1.166919711289431949e-01
4.638741392298352806e-01
7.701691478095440413e-01
4.334998173540842437e-02
7.398383618590252953e-01
8.731490476365166842e-02
2.733345135789569391e-01
2.733611679941472944e-02
1.634812165143219656e-02
9.970368553512291010e-01
9.977996275886784616e-01
9.998463000644404186e-01
3.655597193585253257e-01
8.901756097270454582e-01
9.044255033730818072e-01
3.600150776875160608e-01
4.206817437756050770e-01
9.713151742183641080e-01
8.940677311500016709e-04
1.440974891061188035e-01
6.339004066996064557e-01
9.375877710208693205e-01
8.311863400807015800e-01
9.965305979176644069e-01
9.237227158718525066e-01
8.269529518226141906e-01
9.752392089289079191e-01
3.287892670097472547e-01
9.195438620266536134e-01
9.874806601413723683e-01
7.523783341186184304e-01
5.387736054774413530e-01
9.918468799579333028e-01
5.978329272558376151e-02
3.419742449583221822e-01
4.653624612959944562e-01
3.730548618328015098e-01
9.991806894095837110e-01
8.399889532248133728e-01
9.600883687813502876e-01
9.998002230821433356e-01
9.928433883389107262e-01
8.599600886654945597e-01
9.745666552606568889e-01
1.436759141051153210e-01
8.650543975610579528e-01
6.817095757850185830e-03
9.874372128266299953e-01
9.358686192605147891e-01
2.987773787704176703e-02
8.571168433747122783e-01
4.229017060802824912e-01
9.387613035768201941e-01
9.409524068764272275e-01
8.887545383558043133e-01
9.999999935824426256e-01
9.998189604166600741e-01
9.791174595872944586e-01
9.990641294274227313e-01
9.998065573139769402e-01
9.999901123828750515e-01
9.154020308286769936e-01
9.148738389037860408e-01
9.995166284900154352e-01
9.999929835698659897e-01
9.994467298815505885e-01
9.991030422344422401e-01
1.917548873114012231e-01
6.540357912057591649e-01
9.869535501715257508e-01
9.999999990306773778e-01
9.945374382635987498e-01
9.969240790193323321e-01
1.705877520444901499e-02
9.915454453807425184e-01
6.451263567591193349e-01
9.969382962145850735e-01
9.999961241607118190e-01
2.807537756098161044e-02
6.138520724335154721e-01
4.458573244261730961e-01
9.786750728899310525e-01
9.835590432326010157e-01
9.964350973690158098e-01
9.814959352738321652e-01
8.136917303260601253e-01
9.863638079256084046e-01
9.945211782618420537e-01
2.073893288712913216e-03
9.978360605322569299e-01
3.281048954062568048e-04
7.796507928458991099e-01
1.371441034948539875e-03
1.438934079427442274e-04
1.303094306626711475e-02
9.997043306055470868e-01
1.644109300076402680e-03
9.952543280600995024e-01
9.997299772552399322e-01
1.570607836812686108e-03
4.617251001785184147e-03
4.167565289169839740e-05
5.911844085414593580e-02
7.362956946340647457e-01
1.081360431770850700e-01
9.990908620683610630e-01
2.073809980511835379e-04
8.870381504001265097e-06
1.595014876860110440e-05
9.773643978107505841e-04
3.552136096287495564e-04
8.977061431440603405e-07
1.331475984260317063e-03
9.811539652619576113e-02
1.486253286844124374e-02
1.512771281840786489e-04
5.537095710727651249e-02
2.600211819850728467e-02
9.965383063499143601e-01
7.473219582678432976e-03
1.441564256231366850e-03
4.321161735011383828e-07
4.551166323440940416e-03
1.345158463172481576e-06
6.019076960307604210e-04
1.379327716788030144e-06
6.271223741627906254e-04
5.401618013294243051e-04
8.106163539861980936e-06
9.273203659679685746e-07
3.544319703040170466e-02
2.497463991386546944e-05
3.567104266602846612e-06
3.219093470612440975e-08
1.182637458482513809e-05
1.545777149910170564e-04
1.622724649565567299e-05
3.495885424451950439e-06
1.016604679460317287e-05
2.223432044992214827e-03
3.752806948191345857e-05
7.740198230951453491e-04
9.551834905493236747e-05
1.863965492452920246e-09
9.769992674961877066e-01
1.125178708690503713e-07
2.536869413107139205e-06
1.091555666072529455e-04
5.988119266694748817e-07
3.675870254169401422e-07
9.241862224521879554e-01
8.100378700054598150e-04
1.554039624217865189e-09
3.725787016588417988e-02
4.303368579493679687e-08
6.693495744880480257e-04
6.784764529490021403e-09
1.676193477194791458e-09
5.367575994823483085e-05
3.467988302147157476e-01
3.656521728678666702e-05
5.750016820027151250e-06
5.328809765013357456e-04
6.949862059551927852e-03
4.454035679872262398e-04
5.824856352958615623e-05
2.356275624343930845e-04
1.097314074718480463e-02
1.640706070767210256e-02
1.012953034067901947e-09
9.515750365596820082e-02
2.818851512940430404e-03
4.513512291223197048e-04
2.313090722201874150e-06
2.788504071086698732e-01
7.568789949703830472e-05
6.766944687758877919e-01
4.536312886889074664e-02
4.757418824391515637e-06
3.732557627167549299e-10
6.672814990990332982e-04
4.281177746743378019e-08
5.146937907165102081e-08
2.029374579656233489e-05
4.532666998544587642e-08
2.630839013106070967e-04
3.633272191871488528e-09
5.674527960901320361e-02
4.284115389795586371e-01
1.172838095689759984e-03
3.209145520946333016e-06
3.068047983682087882e-06
3.088624110200100525e-01
1.783965141608532248e-06
2.677381751282635874e-03
6.554286303888839368e-07
2.509318523309398154e-05
2.369034471693706790e-09
2.141536407986354557e-02
1.855574322058174428e-07
7.314042243452023584e-01
2.119011346735115490e-05
9.956915728332945692e-01
6.988316611004180215e-11
7.949431954633570845e-07
7.837652879063011086e-10
9.678942867596403987e-01
8.779948562862770478e-01
9.676530832928430526e-01
4.862619839623446389e-05
2.748364538868894487e-03
6.204794746214181836e-08
9.991788965875806339e-01
8.282078337187455397e-02
2.799931687944570008e-02
3.564065885604423778e-08
2.090771990449752926e-01
9.997546165778270488e-01
2.972983701202613790e-07
3.126975242675680258e-07
3.939339621768939566e-05
1.832729246932231589e-06
2.614905897415569240e-07
7.100491906207221466e-04
7.552940304935568941e-04
6.020500289805623929e-06
4.564552024085069819e-08
8.115315895428113716e-04
5.740133165256787462e-02
5.166404137013442865e-05
1.287625842295936156e-04
1.240664998472239796e-05
1.132884201652715567e-04
4.070832414411768713e-04
1.736465830301322892e-03
2.474936412400788820e-04
8.582967758094692257e-02
3.505956409572402320e-04
1.131892837312427173e-02
5.647997478613134038e-07
4.194123930238879321e-04
6.515176174984171892e-06
9.943563520295674030e-01
9.995791001234721751e-01
9.999998397348109913e-01
5.818672308048680186e-01
9.048013942961458111e-01
1.694158275807534750e-10
8.807403318937876424e-01
4.838740681948040374e-06
8.479626776866867610e-01
9.995786468023082350e-01
6.458554477072689110e-04
8.741598458041439645e-01
8.910994577865711570e-11
1.165314458507578815e-09
1.197730312824400734e-02
4.376328687155867345e-09
9.999617242151683794e-01
1.863219247344772012e-01
2.198521988135699809e-02
1.906141090649433574e-04
2.641628336390334231e-01
4.955650082253748112e-04
4.098879401581721977e-09
6.819068234317354760e-03
1.734499807066223753e-01
1.346627566439516420e-04
9.998252326391185996e-01
6.679171156069761695e-02
2.698195158457481423e-05
4.936349262562014784e-01
9.974954323113319754e-01
3.335770296064459184e-01
9.990958338882623968e-01
4.005897893823290867e-01
1.003702640659301371e-01
3.442634986998411445e-02
5.024623960974024944e-02
9.440800020606948673e-01
7.365293549098528292e-02
9.998376253429005489e-01
2.108922298242063911e-02
9.999790075131742562e-01
1.119488446451850396e-03
6.062369277495932721e-07
9.322159231407669555e-01
9.962813297459591766e-01
6.885395347170771008e-02
3.257442254673987019e-05
9.999067845463304183e-01
8.124526879494472498e-01
7.956842469399974288e-05
1.896390642806644686e-03
9.985618234166551144e-01
2.183001168263981693e-03
5.692002013785150277e-02
9.996149644134588730e-01
9.977031673663855349e-01
2.906466443964152244e-04
4.690596097893469096e-01
6.621198031226592723e-05
1.902245367167018988e-02
9.999988666130568138e-01
6.554518383358952649e-01
1.097382270997816246e-03
9.613044918514203341e-02
5.243735340080426521e-01
2.434586607302313688e-01
4.193019973508562703e-01
8.098272685487684086e-01
9.940743692604363524e-01
1.474104417766700370e-01
9.942039043876524929e-01
1.122098130626589252e-02
3.036829651798770846e-01
1.937408642951603255e-01
2.926045306555749077e-05
9.999998913923764388e-01
9.999818439134307013e-01
9.991865920441788118e-01
8.332082268953815429e-01
9.999720780670346976e-01
3.555615698022396211e-03
9.999960754976687793e-01
3.971872567361969808e-02
9.999350719445202484e-01
2.175530541950146390e-03
9.999999599212243684e-01
9.999999050978786164e-01
9.999999997883126657e-01
2.645730091966850828e-01
2.727134396194007548e-01
1.850379917710031907e-01
9.992016126954044175e-01
9.998888239804557543e-01
9.999220587553818707e-01
9.967811208850698712e-01
8.606362242980534205e-01
9.876780816258761142e-01
9.781930147252692054e-01
9.999996026830189066e-01
1.405157082995088643e-03
9.919032095851876285e-01
1.213711634194008637e-03
6.446346555591968563e-01
9.999764526642017648e-01
2.834846737975078579e-01
9.999827996429020427e-01
9.999897708094267479e-01
8.627455879731918964e-01
9.999192616529385402e-01
2.328041551267641118e-01
9.999940233484245766e-01
3.415729227064830953e-01
9.979393101952759304e-01
9.991868591853418913e-01
1.965347929302927246e-02
9.999798404197701718e-01
9.958917755459869570e-01
9.999998809849039993e-01
9.993808070740993754e-01
9.846853114564515508e-01
9.999999061760355135e-01
9.998270259068546828e-01
9.999999983919496405e-01
9.961301310989831848e-01
9.898736560557873654e-01
9.476077555239184047e-01
5.910600500999042828e-03
7.493010814556788635e-01
9.999999762564336647e-01
9.872430519300557927e-01
9.998597328157479147e-01
9.999990432119001404e-01
6.115632828144667232e-05
6.723753797624743012e-01
9.587886426964040698e-01
9.999999662579910353e-01
9.999999966034656129e-01
4.191775792049391436e-01
9.964191304103136027e-01
3.370831223468299164e-08
9.998200093527892518e-01
9.597681263442041644e-01
9.981834242876156393e-01
9.999765801368627471e-01
9.999999419367793241e-01
9.818578632558514485e-01
9.999999374389655360e-01
9.999999985944383329e-01
8.898304889955822861e-02
9.918594188264385769e-01
9.999999978969489334e-01
9.888911410082521503e-01
1.194064627810411647e-04
9.999999709823215177e-01
8.600392284303295387e-01
5.619233446131505910e-02
9.999626575659985583e-01
9.846695281429947988e-01
1.514074368166622641e-03
9.282119205355010561e-01
9.999990589596765567e-01
9.999988325219985041e-01
9.984594468880237939e-01
9.999999936223973318e-01
9.997923426447736794e-01
9.999999946047186672e-01
9.999658042905033017e-01
9.999999987932191026e-01
9.999999974566036176e-01
1.301550922422368582e-03
9.996820424405585825e-01
9.967334601543431649e-01
9.999994476943794286e-01
9.999986163157291719e-01
9.999721828917855770e-01
9.960897598199011105e-01
9.999943024770597821e-01
9.999647413443331079e-01
8.482463537754919569e-01
9.999956540250687365e-01
9.999999520890109350e-01
3.260298169574513127e-02
6.576616777754400456e-01
7.644066570826297397e-03
7.896622168338910397e-01
9.999199756072228995e-01
9.999999994311119522e-01
9.999999993608132964e-01
9.999999999994215738e-01
9.999896320438684816e-01
9.999999999983524290e-01
9.731597113450494163e-01
9.999999994596067143e-01
9.999999719570219492e-01
9.999999995817761000e-01
9.999999999997493116e-01
9.999908947628346478e-01
9.910600228248336308e-01
9.999999999969271247e-01
9.998709435895324349e-01
9.999999999981186161e-01
9.999970537618181332e-01
9.999999757779959308e-01
9.999995685524430966e-01
9.999994101864825291e-01
9.999999999224371550e-01
6.616012924880104729e-01
7.879204863311705109e-01
9.104389607404583806e-01
2.183146959924989472e-01
9.999999999979929388e-01
9.999840202237935127e-01
9.999898081683373796e-01
9.997134301261846323e-01
9.997236013709791536e-01
9.999983126156717361e-01
9.994976658500700495e-01
9.999999992320574016e-01
9.999999981821006134e-01
9.999999737606231065e-01
9.937487127923342323e-01
9.999995227599095537e-01
2.824942707820034899e-07
9.999339936616297164e-01
9.999999989944032830e-01
4.282951707721158001e-05
9.999999991337085170e-01
9.978267931392973411e-01
2.154854736250625957e-01
9.999362632531785255e-01
2.167782960938475915e-04
9.921899470436816859e-01
9.999228314472307089e-01
9.942499811937597354e-01
9.999708951999665141e-01
9.905051066882835098e-01
7.333391003698143118e-01
9.306979276032600890e-01
9.896031494838700704e-01
1.729583832677785149e-01
9.441245621661553677e-01
9.996714484683607571e-01
9.999958380523947810e-01
9.999638020939336513e-01
9.999999999687114727e-01
9.999993196794750849e-01
9.965660424029514353e-01
9.999999445327736325e-01
9.999975681248575166e-01
7.531308850465273652e-01
7.207312557543392104e-04
9.999997999326321052e-01
9.982074688172731802e-01
2.765282495557503332e-10
9.470607958559016382e-01
9.999999980002132194e-01
1.265971871770889823e-01
2.022174114131626843e-01
9.365369201428823676e-01
9.999985612260087198e-01
9.872377695555928367e-01
8.533092474570724839e-01
9.492923556468005472e-04
2.473089553950448827e-01
4.345435924914697323e-01
4.536423123906470871e-05
9.908810005462874715e-01
2.516144470210820162e-05
4.489702397966152562e-09
9.923731967621357564e-01
1.004909030088245708e-04
9.999954292399668709e-01
9.999855614301981221e-01
9.999522793847424040e-01
4.767410003283816811e-01
9.182418942617341928e-01
9.999997489638645654e-01
1.462120764531377528e-06
5.403208843657061194e-02
1.082973091481672649e-06
6.962161359195024766e-04
7.619678419573835404e-01
9.783689733673329725e-01
2.390701665148391077e-03
2.171513540570463655e-02
9.994444393879697852e-01
4.593810585737150287e-01
1.508061511475354902e-02
5.406189324997529857e-05
2.300750159601596401e-01
6.052067159050571708e-03
1.115851253148398767e-02
9.989593601805346612e-01
6.393018704780546457e-01
9.999219008093754857e-01
2.943538463694385099e-01
2.271976602562333807e-09
8.917889963782544838e-01
2.454549722016227675e-02
7.046541001761438350e-04
6.418849469358678351e-04
9.972885884436771819e-01
9.804198382215107976e-01
9.353700143473160644e-02
7.252797509477367530e-05
9.158941499709737366e-01
9.996784469363824144e-01
9.870406619150043914e-01
4.429594989483679450e-05
9.961598248022158764e-01
5.876231558592646120e-01
9.998730912481441635e-01
1.591070247049218567e-02
9.999972922869615477e-01
2.643947137273520293e-02
9.999513350052319227e-01
8.489018569866663144e-01
9.696501644672251841e-01
9.997580181677255817e-01
9.973324584405300897e-01
9.999852743090935636e-01
3.518227751181281503e-05
1.768028667492625646e-06
3.884960783818927621e-01
9.871014538459788046e-01
1.156733643416696074e-03
3.876292205318243540e-05
2.632279225976746413e-07
2.476731104201004582e-09
3.055845308122240311e-01
1.591188789450210714e-06
1.802642356370301652e-06
4.588859025451793028e-01
1.161312854145115134e-04
1.097657107313962099e-01
8.159863423770001567e-03
7.023659321828962243e-01
8.581090480000019838e-01
6.214113866185555740e-05
3.823131450314531943e-01
8.591910784326402457e-06
6.537254394085670881e-05
2.534338963883093479e-04
1.611708760969964124e-04
2.881166577718002940e-11
1.386771441826110396e-01
9.972253499733528814e-01
9.645104780002882183e-01
2.113721123020110946e-06
5.654292542845258396e-01
9.704393884839137901e-04
7.238374204006704001e-04
4.696272736962229556e-03
9.999957256018715546e-01
1.831375111221884833e-05
9.032142275857789197e-05
5.155942860364188043e-04
9.507172734791419222e-01
2.294231949501181478e-01
9.455477341214532094e-01
1.192375494164191413e-03
1.278293015458428073e-08
9.916405031357680144e-01
2.414562403094225838e-03
6.279931528989956055e-09
6.817218456749900811e-03
9.923491314152703691e-01
3.881273343889032424e-09
6.754628148241208739e-03
1.596159670407076293e-06
7.939472754360625673e-08
9.998401520521988889e-08
7.780506728808992412e-01
1.160441939427137248e-05
1.268629310798372999e-04
8.827591306578257413e-01
7.087017197485671050e-01
3.894755795106081830e-01
9.526836891439396382e-01
8.765589842546870347e-01
2.014405624626470354e-02
2.756159012880712443e-04
6.809704252950998582e-06
1.693170587088623988e-02
6.153553006615786786e-12
