1.000000000000000000e+00
8.267132048600136507e-01
8.168979518886483326e-01
8.267132048600136507e-01
8.390562087565900384e-01
8.506867108976621239e-01
8.610064179246205152e-01
8.700349036450102380e-01
8.779319679257655551e-01
8.848707453502977494e-01
8.910047603273467676e-01
8.964622229254999297e-01
9.013481016360946896e-01
9.057479525137407395e-01
9.097316599632596645e-01
9.133566024300068253e-01
9.166701957630524200e-01
9.197118956139954671e-01
9.225147637061462680e-01
9.251066931611502397e-01
9.275113705303946743e-01
9.297490351509474227e-01
9.318370822624097993e-01
9.337905452010845098e-01
9.356224835026359932e-01
9.373442973457407623e-01
9.389659839628827775e-01
9.404963480325856384e-01
9.419431753450607792e-01
9.433133769722974460e-01
9.446131096050782716e-01
9.458478765187542381e-01
9.470226127050532794e-01
9.481417569909388332e-01
9.492093134072940863e-01
9.502289036325540783e-01
9.512038119912942236e-01
9.521370242141264928e-01
9.530312609470558138e-01
9.538890068235758024e-01
9.547125357718986294e-01
9.555039331156741644e-01
9.562651149337957346e-01
9.569978450691106753e-01
9.577037501136631548e-01
9.583843326468576285e-01
9.590409829605313075e-01
9.596749894697094163e-01
9.602875479784629409e-01
9.608797699457185537e-01
9.614526898752516759e-01
9.620072719367170899e-01
9.625444159098855978e-01
9.630649625318122853e-01
9.635696983160684237e-01
9.640593599041504813e-01
9.645346380014513388e-01
9.649961809435653182e-01
9.654445979330024130e-01
9.658804619814824743e-01
9.663043125887433860e-01
9.667166581851202034e-01
9.671179783619719972e-01
9.675087259112525873e-01
9.678893286931105067e-01
9.682601913482846712e-01
9.686216968702167085e-01
9.689742080501756449e-01
9.693180688072662310e-01
9.696536054139331950e-01
9.699811276264695969e-01
9.703009297290551283e-01
9.706132914989836769e-01
9.709184790999718651e-01
9.712167459097579281e-01
9.715083332875898980e-01
9.717934712866643787e-01
9.720723793160923609e-01
9.723452667565378738e-01
9.726123335332882425e-01
9.728737706501701110e-01
9.731297606874130812e-01
9.733804782662855981e-01
9.736260904830754681e-01
9.738667573147627987e-01
9.741026319985260917e-01
9.743338613870425879e-01
9.745605862813738751e-01
9.747829417430778909e-01
9.750010573870541153e-01
9.752150576565008500e-01
9.754250620812552341e-01
9.756311855206813988e-01
9.758335383921807882e-01
9.760322268863129702e-01
9.762273531694383166e-01
9.764190155747248800e-01
9.766073087822929599e-01
9.767923239892192244e-01
9.769741490700595277e-01
9.771528687285085946e-01
9.773285646407633420e-01
9.775013155911183027e-01
9.776711976002818716e-01
9.778382840468688997e-01
9.780026457824902986e-01
9.781643512408322305e-01
9.783234665410915909e-01
9.784800555861048466e-01
9.786341801554889752e-01
9.787858999940886040e-01
9.789352728960040162e-01
9.790823547844587083e-01
9.792271997877434186e-01
9.793698603114641132e-01
9.795103871073002066e-01
9.796488293384710833e-01
9.797852346420946601e-01
9.799196491886069671e-01
9.800521177384081684e-01
9.801826836958812406e-01
9.803113891609293029e-01
9.804382749781609396e-01
9.805633807838506355e-01
9.806867450507907868e-01
9.808084051311449780e-01
9.809283972974071064e-01
9.810467567815639445e-01
9.811635178125516221e-01
9.812787136520939590e-01
9.813923766290032491e-01
9.815045381720213236e-01
9.816152288412716143e-01
9.817244783583921608e-01
9.818323156354131775e-01
9.819387688024410199e-01
9.820438652342039498e-01
9.821476315755173214e-01
9.822500937657169251e-01
9.823512770621096735e-01
9.824512060624888132e-01
9.825499047267560737e-01
9.826473963976926074e-01
9.827437038209166920e-01
9.828388491640669411e-01
9.829328540352454402e-01
9.830257395007525600e-01
9.831175261021483092e-01
9.832082338726662041e-01
9.832978823530125201e-01
9.833864906065731271e-01
9.834740772340583304e-01
9.835606603876063669e-01
9.836462577843713140e-01
9.837308867196152828e-01
9.838145640793284352e-01
9.838973063523939189e-01
9.839791296423197053e-01
9.840600496785527618e-01
9.841400818273943196e-01
9.842192411025326715e-01
9.842975421752087062e-01
9.843749993840282819e-01
9.844516267444384239e-01
9.845274379578770052e-01
9.846024464206127869e-01
9.846766652322851421e-01
9.847501072041570103e-01
9.848227848670915163e-01
9.848947104792639129e-01
9.849658960336179492e-01
9.850363532650772136e-01
9.851060936575208871e-01
9.851751284505330108e-01
9.852434686459328184e-01
9.853111250140961230e-01
9.853781081000739794e-01
9.854444282295166113e-01
9.855100955144112662e-01
9.855751198586383266e-01
9.856395109633541152e-01
9.857032783322066116e-01
9.857664312763895209e-01
9.858289789195407993e-01
9.858909302024909671e-01
9.859522938878677589e-01
9.860130785645598861e-01
9.860732926520480168e-01
9.861329444046040837e-01
9.861920419153671347e-01
9.862505931202967258e-01
9.863086058020109625e-01
9.863660875935106320e-01
9.864230459817955321e-01
9.864794883113749968e-01
9.865354217876772802e-01
9.865908534803604635e-01
9.866457903265289930e-01
9.867002391338580702e-01
9.867542065836298892e-01
9.868076992336839437e-01
9.868607235212841777e-01
9.869132857659069780e-01
9.869653921719504508e-01
9.870170488313697588e-01
9.870682617262388492e-01
9.871190367312430158e-01
9.871693796161026269e-01
9.872192960479311274e-01
9.872687915935298708e-01
9.873178717216206657e-01
9.873665418050188158e-01
9.874148071227478729e-01
9.874626728620984339e-01
9.875101441206333153e-01
9.875572259081385473e-01
9.876039231485242986e-01
9.876502406816763946e-01
9.876961832652590978e-01
9.877417555764719248e-01
9.877869622137607220e-01
9.878318076984858864e-01
9.878762964765468446e-01
9.879204329199664514e-01
9.879642213284346441e-01
9.880076659308135723e-01
9.880507708866048677e-01
9.880935402873806117e-01
9.881359781581785517e-01
9.881780884588625691e-01
9.882198750854506164e-01
9.882613418714087938e-01
9.883024925889147827e-01
9.883433309500904151e-01
9.883838606082039346e-01
9.884240851588440568e-01
9.884640081410651646e-01
9.885036330385053027e-01
9.885429632804779709e-01
9.885820022430374943e-01
9.886207532500194128e-01
9.886592195740564470e-01
9.886974044375709259e-01
9.887353110137434564e-01
9.887729424274597223e-01
9.888103017562350772e-01
9.888473920311174892e-01
9.888842162375706124e-01
9.889207773163358750e-01
9.889570781642754715e-01
9.889931216351957044e-01
9.890289105406518955e-01
9.890644476507360894e-01
9.890997356948454389e-01
9.891347773624344919e-01
9.891695753037508254e-01
9.892041321305540258e-01
9.892384504168185710e-01
9.892725326994217250e-01
9.893063814788163324e-01
9.893399992196882931e-01
9.893733883516009353e-01
9.894065512696240683e-01
9.894394903349501558e-01
9.894722078754977224e-01
9.895047061865005489e-01
9.895369875310856544e-01
9.895690541408379559e-01
9.896009082163534920e-01
9.896325519277807681e-01
9.896639874153511096e-01
9.896952167898970254e-01
9.897262421333609117e-01
9.897570654992918771e-01
9.897876889133334632e-01
9.898181143737008192e-01
9.898483438516474386e-01
9.898783792919233493e-01
9.899082226132233098e-01
9.899378757086263469e-01
9.899673404460254122e-01
9.899966186685494884e-01
9.900257121949765926e-01
9.900546228201386745e-01
9.900833523153181881e-01
9.901119024286366699e-01
9.901402748854362112e-01
9.901684713886528266e-01
9.901964936191826050e-01
9.902243432362405340e-01
9.902520218777122185e-01
9.902795311604994932e-01
9.903068726808582634e-01
9.903340480147301284e-01
9.903610587180681213e-01
9.903879063271553429e-01
9.904145923589180445e-01
9.904411183112324935e-01
9.904674856632262880e-01
9.904936958755730103e-01
9.905197503907825496e-01
9.905456506334853195e-01
9.905713980107105909e-01
9.905969939121608281e-01
9.906224397104796964e-01
9.906477367615157403e-01
9.906728864045810656e-01
9.906978899627052471e-01
9.907227487428839074e-01
9.907474640363238549e-01
9.907720371186828912e-01
9.907964692503052895e-01
9.908207616764533876e-01
9.908449156275346281e-01
9.908689323193243803e-01
9.908928129531853202e-01
9.909165587162819255e-01
9.909401707817921956e-01
9.909636503091147075e-01
9.909869984440722313e-01
9.910102163191121249e-01
9.910333050535025112e-01
9.910562657535253450e-01
9.910790995126661507e-01
9.911018074118004284e-01
9.911243905193761750e-01
9.911468498915944059e-01
9.911691865725851258e-01
9.911914015945815226e-01
9.912134959780901644e-01
9.912354707320588654e-01
9.912573268540414428e-01
9.912790653303596988e-01
9.913006871362624040e-01
9.913221932360819499e-01
9.913435845833881155e-01
9.913648621211389456e-01
9.913860267818298544e-01
9.914070794876395087e-01
9.914280211505732687e-01
9.914488526726048523e-01
9.914695749458148910e-01
9.914901888525278206e-01
9.915106952654456629e-01
9.915310950477805862e-01
9.915513890533848018e-01
9.915715781268776841e-01
9.915916631037723361e-01
9.916116448105982695e-01
9.916315240650236396e-01
9.916513016759745947e-01
