0.000000000000000000e+00
0.000000000000000000e+00
0.000000000000000000e+00
2.500000000000000000e-01
2.000000000000000111e-01
1.666666666666666574e-01
2.857142857142856984e-01
2.500000000000000000e-01
3.333333333333333148e-01
2.999999999999999889e-01
2.727272727272727071e-01
3.333333333333333148e-01
3.076923076923077094e-01
3.571428571428571508e-01
3.333333333333333148e-01
3.125000000000000000e-01
2.941176470588235392e-01
2.777777777777777901e-01
2.631578947368420907e-01
2.500000000000000000e-01
2.380952380952380820e-01
2.272727272727272652e-01
2.173913043478260809e-01
2.083333333333333426e-01
2.000000000000000111e-01
2.307692307692307820e-01
2.592592592592592449e-01
2.500000000000000000e-01
2.413793103448275967e-01
2.333333333333333370e-01
2.580645161290322509e-01
2.812500000000000000e-01
3.030303030303030387e-01
3.235294117647058987e-01
3.142857142857142794e-01
3.333333333333333148e-01
3.243243243243243423e-01
3.157894736842105088e-01
3.076923076923077094e-01
3.250000000000000111e-01
3.170731707317073211e-01
3.095238095238095344e-01
3.023255813953488191e-01
2.954545454545454697e-01
3.111111111111111160e-01
3.043478260869565410e-01
3.191489361702127825e-01
3.125000000000000000e-01
3.061224489795918435e-01
2.999999999999999889e-01
2.941176470588235392e-01
2.884615384615384359e-01
2.830188679245282946e-01
2.777777777777777901e-01
2.727272727272727071e-01
2.678571428571428492e-01
2.807017543859648967e-01
2.758620689655172376e-01
2.711864406779661008e-01
2.666666666666666630e-01
2.622950819672131284e-01
2.580645161290322509e-01
2.539682539682539542e-01
2.656250000000000000e-01
2.615384615384615530e-01
2.727272727272727071e-01
2.686567164179104461e-01
2.647058823529411797e-01
2.608695652173912971e-01
2.714285714285714080e-01
2.676056338028168780e-01
2.638888888888888951e-01
2.739726027397260122e-01
2.702702702702702853e-01
2.800000000000000266e-01
2.763157894736842368e-01
2.727272727272727071e-01
2.820512820512820484e-01
2.784810126582278333e-01
2.750000000000000222e-01
2.716049382716049232e-01
2.682926829268292845e-01
2.650602409638554424e-01
2.738095238095238360e-01
2.823529411764705843e-01
2.790697674418604612e-01
2.873563218390804419e-01
2.954545454545454697e-01
3.033707865168539519e-01
3.111111111111111160e-01
3.076923076923077094e-01
3.043478260869565410e-01
3.118279569892473124e-01
3.085106382978723416e-01
3.052631578947368474e-01
3.020833333333333148e-01
2.989690721649484462e-01
2.959183673469387710e-01
2.929292929292929282e-01
2.899999999999999800e-01
2.871287128712871062e-01
2.843137254901960675e-01
2.815533980582524132e-01
2.884615384615384359e-01
2.857142857142856984e-01
2.830188679245282946e-01
2.803738317757009102e-01
2.777777777777777901e-01
2.752293577981651529e-01
2.818181818181818010e-01
2.792792792792792578e-01
2.857142857142856984e-01
2.831858407079645978e-01
2.894736842105263275e-01
2.869565217391304435e-01
2.931034482758620441e-01
2.991452991452991372e-01
2.966101694915254106e-01
2.941176470588235392e-01
2.916666666666666852e-01
2.892561983471074183e-01
2.950819672131147486e-01
2.926829268292682751e-01
2.983870967741935609e-01
2.959999999999999853e-01
2.936507936507936622e-01
2.992125984251968740e-01
2.968750000000000000e-01
2.945736434108527368e-01
2.923076923076923239e-01
2.900763358778625789e-01
2.878787878787879007e-01
2.857142857142856984e-01
2.835820895522387919e-01
2.814814814814814992e-01
2.794117647058823595e-01
2.773722627737226221e-01
2.826086956521738913e-01
2.805755395683453002e-01
2.857142857142856984e-01
2.836879432624113684e-01
2.816901408450704358e-01
2.797202797202797409e-01
2.847222222222222099e-01
2.827586206896551824e-01
2.808219178082191902e-01
2.789115646258503167e-01
2.770270270270270285e-01
2.818791946308724650e-01
2.800000000000000266e-01
2.781456953642383878e-01
2.763157894736842368e-01
2.745098039215686514e-01
2.727272727272727071e-01
2.709677419354838968e-01
2.692307692307692180e-01
2.675159235668789770e-01
2.658227848101265556e-01
2.704402515723270395e-01
2.687499999999999889e-01
2.732919254658385255e-01
2.716049382716049232e-01
2.699386503067484622e-01
2.682926829268292845e-01
2.727272727272727071e-01
2.710843373493975750e-01
2.694610778443113919e-01
2.738095238095238360e-01
2.721893491124260378e-01
2.764705882352941346e-01
2.748538011695906280e-01
2.790697674418604612e-01
2.774566473988439030e-01
2.816091954022988397e-01
2.800000000000000266e-01
2.784090909090908839e-01
2.768361581920903980e-01
2.808988764044944020e-01
2.793296089385474690e-01
2.833333333333333259e-01
2.817679558011049745e-01
2.802197802197802234e-01
2.786885245901639108e-01
2.826086956521738913e-01
2.810810810810810967e-01
2.795698924731182533e-01
2.834224598930481509e-01
2.819148936170212671e-01
2.804232804232804077e-01
2.789473684210526105e-01
2.774869109947644130e-01
2.812500000000000000e-01
2.797927461139896321e-01
2.783505154639175361e-01
2.769230769230769384e-01
2.806122448979591621e-01
2.842639593908629636e-01
2.828282828282828176e-01
2.814070351758793942e-01
2.800000000000000266e-01
2.786069651741293618e-01
2.821782178217821513e-01
2.807881773399014680e-01
2.794117647058823595e-01
2.780487804878049030e-01
2.815533980582524132e-01
2.801932367149758685e-01
2.836538461538461453e-01
2.822966507177033235e-01
2.809523809523809534e-01
2.796208530805687209e-01
2.783018867924528239e-01
2.769953051643192499e-01
2.757009345794392274e-01
2.790697674418604612e-01
2.777777777777777901e-01
2.764976958525345863e-01
2.752293577981651529e-01
2.739726027397260122e-01
2.727272727272727071e-01
2.714932126696832371e-01
2.702702702702702853e-01
2.690582959641255600e-01
2.678571428571428492e-01
2.666666666666666630e-01
2.699115044247787365e-01
2.687224669603524019e-01
2.675438596491228060e-01
2.663755458515283947e-01
2.652173913043478493e-01
2.640692640692640647e-01
2.672413793103448065e-01
2.660944206008583612e-01
2.649572649572649596e-01
2.680851063829787218e-01
2.669491525423728917e-01
2.700421940928269815e-01
2.731092436974789650e-01
2.719665271966527076e-01
2.708333333333333148e-01
2.697095435684647158e-01
2.727272727272727071e-01
2.716049382716049232e-01
2.704918032786885473e-01
2.693877551020408267e-01
2.682926829268292845e-01
2.672064777327935459e-01
2.661290322580645018e-01
2.650602409638554424e-01
2.640000000000000124e-01
2.629482071713147295e-01
2.619047619047619180e-01
2.608695652173912971e-01
2.598425196850393526e-01
2.588235294117647300e-01
2.578125000000000000e-01
2.568093385214007540e-01
2.558139534883721034e-01
2.548262548262548166e-01
2.538461538461538325e-01
2.528735632183908288e-01
2.519083969465648609e-01
2.509505703422053036e-01
2.500000000000000000e-01
2.490566037735849059e-01
2.481203007518796855e-01
2.471910112359550493e-01
2.462686567164178997e-01
2.453531598513011280e-01
2.444444444444444364e-01
2.435424354243542477e-01
2.463235294117647189e-01
2.454212454212454098e-01
2.445255474452554811e-01
2.436363636363636231e-01
2.427536231884057927e-01
2.418772563176895263e-01
2.410071942446043169e-01
2.401433691756272304e-01
2.392857142857142960e-01
2.384341637010676251e-01
2.375886524822695134e-01
2.367491166077738407e-01
2.359154929577464699e-01
2.350877192982456232e-01
2.377622377622377603e-01
2.369337979094076618e-01
2.361111111111111049e-01
2.352941176470588203e-01
2.379310344827586243e-01
2.371134020618556604e-01
2.363013698630136994e-01
2.389078498293515374e-01
2.414965986394557729e-01
2.440677966101695018e-01
2.432432432432432567e-01
2.424242424242424310e-01
2.416107382550335692e-01
2.441471571906354554e-01
2.466666666666666730e-01
2.458471760797342198e-01
2.450331125827814593e-01
2.442244224422442378e-01
2.467105263157894635e-01
2.459016393442622905e-01
2.483660130718954306e-01
2.508143322475570036e-01
2.500000000000000000e-01
2.491909385113268705e-01
2.516129032258064280e-01
2.508038585209003135e-01
2.532051282051281937e-01
2.555910543130990309e-01
2.547770700636942665e-01
2.539682539682539542e-01
2.531645569620253333e-01
2.555205047318612199e-01
2.578616352201257844e-01
2.601880877742946963e-01
2.593750000000000222e-01
2.585669781931463906e-01
2.577639751552794900e-01
2.569659442724458454e-01
2.561728395061728669e-01
2.553846153846153766e-01
2.576687116564417290e-01
2.568807339449541427e-01
2.591463414634146423e-01
2.613981762917932938e-01
2.606060606060606188e-01
2.598187311178247749e-01
2.590361445783132543e-01
2.582582582582582664e-01
2.604790419161676640e-01
2.626865671641790967e-01
2.648809523809523836e-01
2.640949554896142581e-01
2.662721893491124536e-01
2.654867256637168382e-01
2.676470588235294046e-01
2.697947214076246158e-01
2.719298245614035214e-01
2.740524781341107663e-01
2.761627906976744096e-01
2.753623188405797118e-01
2.774566473988439030e-01
2.766570605187320120e-01
2.758620689655172376e-01
2.750716332378223550e-01
2.742857142857142994e-01
2.735042735042735318e-01
