2.500000000000000000e-01
2.460965034503949656e-01
2.047490370878568833e-01
2.768563434274727286e-01
2.475810108355632477e-01
2.157511694732058283e-01
2.254074591395058003e-01
2.063282317667632648e-01
2.115349527369592975e-01
1.915081377584254285e-01
1.967216548284559663e-01
2.047127596502722746e-01
2.063984293631778155e-01
2.317333830306738396e-01
2.203744929009115727e-01
2.159274863153608781e-01
2.126261330378170777e-01
2.011875354923689518e-01
1.931311346844194754e-01
1.835259609825327098e-01
1.866227938522128926e-01
1.782113983129401114e-01
1.727648290034630718e-01
1.655696828676661569e-01
1.635368011407868916e-01
1.726614946695419206e-01
1.763965935044489453e-01
1.700972968078774961e-01
1.658303258190552132e-01
1.614954287056432902e-01
1.644685269912265768e-01
1.732433429557115878e-01
1.756872542601685405e-01
1.781060662641403558e-01
1.765677699878471230e-01
1.830829737602145679e-01
1.814559581878249783e-01
1.768299568591525650e-01
1.736356660987058709e-01
1.841980200041713756e-01
1.811767359801540189e-01
1.781351986322781411e-01
1.755360906378332364e-01
1.721864386145076642e-01
1.784673115271876442e-01
1.745875996303249411e-01
1.802903048482479842e-01
1.765464714722824457e-01
1.770381752101032324e-01
1.735181606046776459e-01
1.741883670389962890e-01
1.708896867513050588e-01
1.694754588487716318e-01
1.664621482852566836e-01
1.675655086698524809e-01
1.645889535432634720e-01
1.678029170786507485e-01
1.649137537599401349e-01
1.634191739443222047e-01
1.607392953150980075e-01
1.592253377979451767e-01
1.566680336287241126e-01
1.553198205127886145e-01
1.575774675835740490e-01
1.565984437431874321e-01
1.615255906119792417e-01
1.610119832399637962e-01
1.590973516225129836e-01
1.592300622484250361e-01
1.607749615147021360e-01
1.610723771061605969e-01
1.588538923947011849e-01
1.612013353399531779e-01
1.590248742380278302e-01
1.608420025798101838e-01
1.588101725912411111e-01
1.592487796024328051e-01
1.625916044400515237e-01
1.616849072073957005e-01
1.627122056174557518e-01
1.607083052472277895e-01
1.587491532903214098e-01
1.589723860220255691e-01
1.683962479051636374e-01
1.720584962425177611e-01
1.701627785233409684e-01
1.753078144505685609e-01
1.830595715785634237e-01
1.874699114477530182e-01
1.886104347577943763e-01
1.868845327155398417e-01
1.848669282732210706e-01
1.886614693035124635e-01
1.868421918791952074e-01
1.853251403148764853e-01
1.836396274876503920e-01
1.828817864566842366e-01
1.820883144004889764e-01
1.802566088481146189e-01
1.789422909716200383e-01
1.776068141549836110e-01
1.764982119653670245e-01
1.747846407685223757e-01
1.766080974470737308e-01
1.749670119776317312e-01
1.733217875143373554e-01
1.717019710215206274e-01
1.703886386704736855e-01
1.688276610618536511e-01
1.705779274664416534e-01
1.691298522799428439e-01
1.699783525268420414e-01
1.685205708474134534e-01
1.702533438709947777e-01
1.687949698373861773e-01
1.703145009002352828e-01
1.724104493319045250e-01
1.715334256558236903e-01
1.700923860967981649e-01
1.686770738216961663e-01
1.675703667186662082e-01
1.705192390831228866e-01
1.692543701462589367e-01
1.718458996734179012e-01
1.704728869103602773e-01
1.709316905028525624e-01
1.745422416012026856e-01
1.737388260193218348e-01
1.723920140068998796e-01
1.711100914819551899e-01
1.699959511435363280e-01
1.693005651457272498e-01
1.684831994527769550e-01
1.684221407714241725e-01
1.671749942383798926e-01
1.671043991177699750e-01
1.658846657619296172e-01
1.665067534140623751e-01
1.653088962324499589e-01
1.663102175019637585e-01
1.651424348268237252e-01
1.643604506920309793e-01
1.642725326908850703e-01
1.665615814357080393e-01
1.664080653640147844e-01
1.656283056783793284e-01
1.645076083387196908e-01
1.635752878187404780e-01
1.691646033264938287e-01
1.680388485141787736e-01
1.675596623171333177e-01
1.666000676578318629e-01
1.655916846111592511e-01
1.645956398024775169e-01
1.651266419210405401e-01
1.642160553469789452e-01
1.636330248269481091e-01
1.629828352591039253e-01
1.642934713289420368e-01
1.638231746191236016e-01
1.685870995181212584e-01
1.680940032182951793e-01
1.670660203087734330e-01
1.670830898424905675e-01
1.679484980580254472e-01
1.674182711054819916e-01
1.664157681701730618e-01
1.684800755643579284e-01
1.674831521501605192e-01
1.700005627989169543e-01
1.690064357081490776e-01
1.712030626792324095e-01
1.702134504643780522e-01
1.715455322470485766e-01
1.705727453995948828e-01
1.697597161994663928e-01
1.688007774350534784e-01
1.693182658707202137e-01
1.683725469311013467e-01
1.703688500457638533e-01
1.695006983743994056e-01
1.690717974276192970e-01
1.681479078491877333e-01
1.695052431750123656e-01
1.685892389657397961e-01
1.687416814627337724e-01
1.715353034554125689e-01
1.708997327906310038e-01
1.699955023871452253e-01
1.693466973566221390e-01
1.684600656528779938e-01
1.723141492726185942e-01
1.714213299647099342e-01
1.710049200779517331e-01
1.701305705490882558e-01
1.708590737250703373e-01
1.747648706280932329e-01
1.739373602251466644e-01
1.730652974910479591e-01
1.726592943586559292e-01
1.718002929019602221e-01
1.731412244347910467e-01
1.722883368188547482e-01
1.715374320714662115e-01
1.707012677835537950e-01
1.717499073686993838e-01
1.709288643323719492e-01
1.716102435106103552e-01
1.707891489602724744e-01
1.700380362791438782e-01
1.692322660366574749e-01
1.690217601285360638e-01
1.682282335525845940e-01
1.676059783543371040e-01
1.712610841842082121e-01
1.705007659954028976e-01
1.697158850215906567e-01
1.691522433078117282e-01
1.683856088483574043e-01
1.680161165933269918e-01
1.672830680064851527e-01
1.667973058131239639e-01
1.660577463024040801e-01
1.658547742572477890e-01
1.651176591501253565e-01
1.655030040506308697e-01
1.647746831601556716e-01
1.648288893913762154e-01
1.650207444737127604e-01
1.652881216704237821e-01
1.645725886948294636e-01
1.650391386892818002e-01
1.643310637112375405e-01
1.643364162350808566e-01
1.649658798342471255e-01
1.643358458459963645e-01
1.654173210520562542e-01
1.673850794260358099e-01
1.667801164761903987e-01
1.669314501029799669e-01
1.662391499227438840e-01
1.670204154460186441e-01
1.663390545656819042e-01
1.657572324709669920e-01
1.650855557333109347e-01
1.650234365107641488e-01
1.643553255030666960e-01
1.644513280198763583e-01
1.637908810088896383e-01
1.639235170913864725e-01
1.632704361243106084e-01
1.633075610566620817e-01
1.626620766516537198e-01
1.622681956170138884e-01
1.618382003695793825e-01
1.613037631655768744e-01
1.613711245717542597e-01
1.609102711943811714e-01
1.606358930005566399e-01
1.602400612024952320e-01
1.604321942451543692e-01
1.601483971054084021e-01
1.598027145959198259e-01
1.593442849202043321e-01
1.588978584262561167e-01
1.583625003834313316e-01
1.578892344631158406e-01
1.578436585921078605e-01
1.577816992398023144e-01
1.576175682710437287e-01
1.572843360005268531e-01
1.577721374403128762e-01
1.575585040753251787e-01
1.574462334783344741e-01
1.574014801617976411e-01
1.569421651769565274e-01
1.571207189932005144e-01
1.568129453169783971e-01
1.564129337746320292e-01
1.559407864945532018e-01
1.553925844800993772e-01
1.548473917333504091e-01
1.543146318226366054e-01
1.540274565550633634e-01
1.536084733825196502e-01
1.546925865955590396e-01
1.544479481429995305e-01
1.545426028150322373e-01
1.542763125471824370e-01
1.559478003982059935e-01
1.554816008374012848e-01
1.551016812486340490e-01
1.559731291256984398e-01
1.573582741742487467e-01
1.583088696513524074e-01
1.579619035725955689e-01
1.574396567028306104e-01
1.569134245616023438e-01
1.577486907028458618e-01
1.597090398431935954e-01
1.593388906271493155e-01
1.588228179243485194e-01
1.583062535211090804e-01
1.591057114004819084e-01
1.591207865663171461e-01
1.615176876937650108e-01
1.629474150613229311e-01
1.626536611998938564e-01
1.623750729707643392e-01
1.630721999464391225e-01
1.626878316625720022e-01
1.643743043978915519e-01
1.654498023422849573e-01
1.650740789558903521e-01
1.650026723467969691e-01
1.647372068605851003e-01
1.655995175249016793e-01
1.676917393099179310e-01
1.682847065727255120e-01
1.680197524748081039e-01
1.678928740684634824e-01
1.677580557448964116e-01
1.672386968588089051e-01
1.671245385260468064e-01
1.666594553452312721e-01
1.681191045807550188e-01
1.680676293992127979e-01
1.692666710101789207e-01
1.699730063910197264e-01
1.694584693797183961e-01
1.690296745022680514e-01
1.686321155451791509e-01
1.686956719528313609e-01
1.711155325662369886e-01
1.733130422545495486e-01
1.757061363569593915e-01
1.756290850210890930e-01
1.759021368399574792e-01
1.753837282971095479e-01
1.765162094212810451e-01
1.788215335624462610e-01
1.796271332051065373e-01
1.813665744170571414e-01
1.825072958362728148e-01
1.820917135992945746e-01
1.837415094529750159e-01
1.832119957964533641e-01
1.827139189372376793e-01
1.822624144644582334e-01
1.819790855571979393e-01
1.817194863909673830e-01
