5.000000000000000000e-01
5.078689128892689419e-01
3.493624255165124759e-01
2.977334818985600262e-01
3.612197121807242395e-01
7.620883301277157074e-01
5.323017914090705238e-01
7.302341011959335715e-01
5.031786168931737802e-01
8.938548025032654332e-01
4.988555156844128313e-01
4.590610822927863599e-01
4.760530074666519118e-01
2.509420711933407211e-01
2.476893842784536892e-01
6.137068632086500886e-01
3.997555260369967667e-01
9.179550292842348913e-01
2.193534137900044478e-01
9.679428534226112157e-01
4.985573700646862561e-01
9.603503847659095038e-01
2.300876011326297710e-01
9.909821430296258393e-01
3.387442098334440543e-01
3.669290459289591411e-01
5.229810352317105782e-01
9.959644082902426865e-01
2.153024341061468561e-01
8.108349598453831186e-01
5.036481664403485992e-01
3.327199704361403221e-01
5.038773819122969178e-01
4.921349958943710967e-01
3.525133991692755986e-01
3.588174161807923812e-01
3.505472829473920138e-01
9.247144921098813253e-01
2.285883137908234775e-01
2.279055612703016209e-01
2.456122452555244140e-01
7.688460094020286295e-01
2.576306559226724247e-01
8.322162057542272784e-01
6.744076806243439748e-01
9.992488199263468429e-01
6.652929767198121347e-01
9.757863096182634033e-01
4.479285150841598173e-01
9.677906079097575720e-01
4.557397160166394290e-01
9.484539809582457348e-01
3.097347379888689134e-01
9.178009220309388816e-01
4.765993804423437896e-01
9.703618222410553829e-01
5.897328844997010711e-01
9.847866968269382015e-01
2.770082031970928504e-01
9.487510371727400083e-01
2.615107775384689637e-01
9.740677940344761865e-01
2.678257032564065332e-01
4.524516157972370833e-01
3.064978270044398379e-01
3.058889591114067330e-01
3.565303587171008703e-01
8.244521909754808364e-01
4.101882309506754698e-01
4.829187579424071841e-01
4.264873603147606995e-01
9.633738088100448627e-01
5.746453057304966583e-01
9.880328032739940092e-01
5.434238675948133146e-01
9.198568565093687699e-01
4.388426967069193330e-01
3.519343266792367975e-01
3.015999387603413018e-01
5.061692800035668682e-01
1.990667297644899483e-02
9.923944243541235055e-01
4.210433113371672698e-01
2.502472636193341093e-02
6.925946553217575685e-01
9.049906720720980458e-01
7.859903970101298487e-01
7.400732091764268550e-02
7.586697700162022828e-01
4.613748897874540567e-01
1.776326234469089438e-01
9.644342296271811721e-01
7.333206966193716037e-01
8.671489878936112783e-01
2.066937185037680536e-01
8.466510224971572907e-01
3.318569684125002306e-01
3.242244977628134239e-01
9.726236467836876232e-01
2.209633933452748722e-01
7.900973261453243524e-01
2.540263585025965276e-01
9.993846217678392652e-01
6.036755215659069806e-01
9.344704405961551386e-01
2.394198965059458201e-02
9.988071953437158701e-01
1.728064729934969401e-01
9.844411012314898679e-01
6.011297410430932464e-01
9.007952533137997264e-01
5.139668082013133521e-01
9.275498602388305702e-01
6.050261940905390379e-01
9.495983134606976739e-01
5.874185672311377227e-01
3.553757160907319301e-01
2.625293422731391768e-01
9.929488914499671193e-01
1.596599776281967462e-02
8.135448730791522420e-01
7.261768346500607763e-01
8.777692352602822767e-01
7.004313181989870740e-01
9.851910739344903467e-01
4.777888022593123063e-01
2.066074868053512092e-01
2.677779810224388823e-01
9.997235639561188325e-01
7.577655154522702774e-02
8.413881872334662004e-01
2.796515679068113935e-01
7.538477544621259296e-01
4.003764930056555316e-01
9.924264400417208698e-01
3.969559897966472017e-01
9.990359628425201644e-01
5.017297696531969331e-01
9.978540340320625202e-01
5.527150024781167792e-01
9.593446152740350286e-01
2.325955452846347471e-01
6.103999787882917749e-01
7.027770286124844779e-01
6.201292969440945768e-01
2.292665506811583376e-01
9.702376622488266822e-01
1.628624308482158889e-01
1.809988792718755226e-03
1.736034214057993394e-02
6.906753602437829542e-01
1.473135231515114996e-01
8.890159402575240621e-01
1.104571594518703181e-01
5.031086958098933692e-01
1.519050241678372160e-01
7.304072261685445877e-01
2.467854799366589469e-01
3.905953968311633995e-01
2.984057602627496752e-01
3.521241542102050703e-02
2.978346839209645158e-01
9.769177781344573486e-01
4.121473326838172579e-01
4.433354282822188352e-01
2.827203988675338064e-01
9.994699916133122919e-01
7.163933349726436806e-01
9.998637465746677000e-01
7.716495075089178091e-01
9.978022107440657207e-01
7.394770278612297076e-01
9.996133355091026962e-01
6.340312931149773013e-01
9.638360131809182718e-01
1.657697384234741722e-01
9.947507240138989681e-01
5.107971407356656224e-01
9.941198912470271543e-01
7.264345170559742826e-01
8.849634947992510714e-01
3.023916765726508693e-01
9.999323638774709755e-01
6.464500041000235120e-01
9.933318323667458261e-01
4.437832166797406885e-01
1.686462882180244649e-01
2.281403481992458349e-01
9.995681066926366265e-01
2.161539881375257321e-01
9.997952037945079251e-01
9.531233501719893475e-01
9.998488502603637418e-01
3.010611431812751371e-01
9.774886262174575791e-01
5.593900187182212491e-01
3.030877923919542485e-02
1.044883287485922491e-01
9.800782495871427358e-01
3.030918524352597676e-01
9.999604674603671528e-01
6.653333469275308776e-01
9.977553620071369922e-01
1.382163823560474403e-01
9.888755652088488945e-01
6.218689752058217390e-01
9.576443764190221142e-01
5.591562692181457628e-01
9.987824245449283822e-01
1.142606052989042775e-01
9.954706386195532053e-01
3.529943533753984730e-01
9.992257578735325163e-01
1.872581670518587982e-01
2.355044586183255642e-02
8.385914024278603995e-02
9.865242930372611907e-01
2.164301074660865132e-01
9.645134294793277219e-01
2.951225385186154737e-01
9.224604687835231687e-01
2.438111176306413663e-01
9.566925534972300360e-01
3.472636004354569539e-01
9.980314587362199008e-01
5.022007633052377740e-01
9.868029581816283313e-01
4.208725506355150969e-01
5.430933320179682777e-01
4.759385461561717046e-01
9.999343635845621137e-01
5.223142611567982430e-01
9.924060020429623652e-01
4.069195919227385216e-01
4.411973854399419692e-01
1.275847114942583738e-01
3.514281306731005805e-01
7.960802811646494614e-01
8.490068398470081990e-01
4.506663809356953321e-01
9.906669047962846086e-01
5.960750007803058415e-01
9.619247912127788513e-01
1.561232316320963209e-01
9.654105255138488717e-01
3.870455102268992587e-01
9.998672992364916468e-01
4.337786874338785403e-01
9.998507211073602852e-01
4.437903802845453716e-01
9.995591424873222497e-01
4.154827542472523949e-01
9.999188240066222422e-01
2.502324796127382567e-01
2.293892053284468935e-01
1.581843106788269060e-01
4.226294411812283047e-01
2.060848204247570092e-01
2.997437555543536747e-01
2.402490905385288034e-01
4.586793927532988313e-01
2.933894061340734383e-01
2.631233496098675517e-01
1.969194764542932241e-01
2.025864359327126107e-01
1.284235922051160661e-01
1.788868347844432827e-01
3.816738149689815618e-01
3.757347373106633137e-01
3.368476475722969044e-01
2.594448360653279217e-01
5.384852157880725132e-01
3.153573033856576502e-01
3.560847658913022240e-01
3.809712212631068962e-01
1.750158402706909477e-01
4.543143980511107904e-01
2.675063307726661677e-01
2.126257863062107900e-01
1.556010776073155077e-01
4.354331674358577486e-02
4.059839771327854174e-02
6.384619801792976168e-02
2.697347879526068026e-01
1.860571212829592869e-01
6.809294033244485123e-01
2.906567575525815794e-01
4.262727925735168011e-01
2.785403299460190163e-01
7.993796278014657641e-01
1.424209542308973453e-01
2.110570560710182952e-01
6.406527212371049274e-01
7.504703681022262263e-01
6.616524313563908466e-01
2.358111751790610555e-01
5.342830010769357429e-02
2.494952137449249485e-02
6.376974210339981797e-01
8.636280639298160589e-01
2.197592451158156268e-01
5.903333279856517318e-02
4.799795561060662269e-02
6.335151528183395886e-01
4.046030610119348836e-01
9.447605683798219189e-01
7.748832102543228295e-01
2.692048025967876401e-01
2.767126639654725051e-01
6.152108869566170757e-01
2.086472229955838309e-01
8.299803160812119218e-01
7.078171804873237827e-01
2.178822136255736674e-01
3.775989897913796245e-01
2.848079681186007628e-01
6.618834394732543425e-01
9.115514495408734152e-01
5.973678064187425418e-01
2.889626191034883052e-01
3.567797416308646219e-01
3.528191801473731237e-01
2.266172684540620260e-03
3.609035841383161358e-01
1.263823751992575462e-01
8.015641622016068668e-01
3.889559360858965698e-01
7.492351285118051818e-01
6.337594269963969795e-01
1.325868249792805029e-02
1.659137274117161720e-01
1.924580493218065180e-01
4.356562857269223876e-01
9.883972464704193772e-01
9.525131380463701669e-01
9.886317113385819644e-01
3.869623187969014055e-01
5.176104711060196539e-01
1.271380409285913400e-02
7.486169317584363547e-01
9.811379829354355264e-01
6.740449624114606131e-01
8.810536129567630992e-01
7.574792027687963225e-01
1.978166425728050126e-01
8.677102505864106030e-01
5.202306665320639151e-04
9.940447067113873658e-02
1.585523823132506116e-01
2.882660176353706860e-01
3.014295576254407139e-01
