1.000000000000000000e+00
5.000000000000000000e-01
6.666666666666666297e-01
7.500000000000000000e-01
5.999999999999999778e-01
5.000000000000000000e-01
4.285714285714285476e-01
3.750000000000000000e-01
4.444444444444444198e-01
4.000000000000000222e-01
3.636363636363636465e-01
4.166666666666666852e-01
3.846153846153846367e-01
4.285714285714285476e-01
4.000000000000000222e-01
3.750000000000000000e-01
3.529411764705882582e-01
3.333333333333333148e-01
3.157894736842105088e-01
3.499999999999999778e-01
3.333333333333333148e-01
3.181818181818181768e-01
3.478260869565217295e-01
3.333333333333333148e-01
3.599999999999999867e-01
3.846153846153846367e-01
3.703703703703703498e-01
3.928571428571428492e-01
3.793103448275861878e-01
3.666666666666666408e-01
3.548387096774193727e-01
3.437500000000000000e-01
3.636363636363636465e-01
3.529411764705882582e-01
3.428571428571428603e-01
3.611111111111111049e-01
3.783783783783783994e-01
3.947368421052631637e-01
4.102564102564102422e-01
4.249999999999999889e-01
4.146341463414633943e-01
4.047619047619047672e-01
3.953488372093023062e-01
3.863636363636363535e-01
3.777777777777777679e-01
3.913043478260869734e-01
3.829787234042553168e-01
3.750000000000000000e-01
3.673469387755102233e-01
3.800000000000000044e-01
3.725490196078431460e-01
3.653846153846153633e-01
3.584905660377358250e-01
3.518518518518518601e-01
3.454545454545454586e-01
3.392857142857143016e-01
3.333333333333333148e-01
3.448275862068965747e-01
3.559322033898305038e-01
3.499999999999999778e-01
3.442622950819672067e-01
3.548387096774193727e-01
3.650793650793650591e-01
3.593750000000000000e-01
3.538461538461538658e-01
3.484848484848485084e-01
3.432835820895522305e-01
3.529411764705882582e-01
3.623188405797101441e-01
3.571428571428571508e-01
3.521126760563380031e-01
3.472222222222222099e-01
3.561643835616438158e-01
3.513513513513513709e-01
3.599999999999999867e-01
3.684210526315789269e-01
3.766233766233766378e-01
3.717948717948718063e-01
3.797468354430380000e-01
3.875000000000000111e-01
3.827160493827160281e-01
3.902439024390244038e-01
3.975903614457831359e-01
4.047619047619047672e-01
4.000000000000000222e-01
3.953488372093023062e-01
4.022988505747126520e-01
4.090909090909091161e-01
4.157303370786517016e-01
4.111111111111110938e-01
4.065934065934065922e-01
4.130434782608695676e-01
4.193548387096774355e-01
4.148936170212765839e-01
4.105263157894736836e-01
4.166666666666666852e-01
4.123711340206185350e-01
4.081632653061224580e-01
4.040404040404040331e-01
4.000000000000000222e-01
3.960396039603960583e-01
3.921568627450980338e-01
3.883495145631067902e-01
3.846153846153846367e-01
3.809523809523809312e-01
3.773584905660377631e-01
3.738317757009345654e-01
3.703703703703703498e-01
3.761467889908257090e-01
3.727272727272727404e-01
3.693693693693693714e-01
3.660714285714285476e-01
3.716814159292035624e-01
3.684210526315789269e-01
3.739130434782608758e-01
3.706896551724138122e-01
3.675213675213675479e-01
3.644067796610169219e-01
3.613445378151260434e-01
3.583333333333333370e-01
3.553719008264462631e-01
3.606557377049180446e-01
3.577235772357723609e-01
3.548387096774193727e-01
3.519999999999999796e-01
3.492063492063491870e-01
3.543307086614173040e-01
3.593750000000000000e-01
3.643410852713178105e-01
3.615384615384615308e-01
3.587786259541984601e-01
3.636363636363636465e-01
3.609022556390977243e-01
3.656716417910447769e-01
3.629629629629629872e-01
3.676470588235294379e-01
3.649635036496350349e-01
3.695652173913043237e-01
3.669064748201438797e-01
3.642857142857142683e-01
3.687943262411347289e-01
3.661971830985915610e-01
3.636363636363636465e-01
3.611111111111111049e-01
3.655172413793103536e-01
3.698630136986301165e-01
3.673469387755102233e-01
3.648648648648648574e-01
3.624161073825503121e-01
3.599999999999999867e-01
3.576158940397350938e-01
3.552631578947368363e-01
3.529411764705882582e-01
3.571428571428571508e-01
3.612903225806451402e-01
3.589743589743589758e-01
3.630573248407643061e-01
3.607594936708860556e-01
3.584905660377358250e-01
3.562500000000000111e-01
3.540372670807453437e-01
3.518518518518518601e-01
3.496932515337423109e-01
3.536585365853658347e-01
3.515151515151515027e-01
3.554216867469879304e-01
3.592814371257485040e-01
3.571428571428571508e-01
3.550295857988165493e-01
3.529411764705882582e-01
3.508771929824561209e-01
3.488372093023255904e-01
3.468208092485549066e-01
3.505747126436781769e-01
3.485714285714285876e-01
3.465909090909091161e-01
3.446327683615819093e-01
3.426966292134831504e-01
3.407821229050279066e-01
3.388888888888889062e-01
3.370165745856353867e-01
3.351648351648351398e-01
3.333333333333333148e-01
3.315217391304347561e-01
3.297297297297297480e-01
3.333333333333333148e-01
3.315508021390374260e-01
3.297872340425531679e-01
3.280423280423280241e-01
3.263157894736842257e-01
3.246073298429319465e-01
3.229166666666666852e-01
3.212435233160621517e-01
3.247422680412371254e-01
3.230769230769230949e-01
3.214285714285714524e-01
3.197969543147208271e-01
3.181818181818181768e-01
3.165829145728643046e-01
3.150000000000000022e-01
3.134328358208955390e-01
3.168316831683168355e-01
3.201970443349753670e-01
3.235294117647058987e-01
3.219512195121951303e-01
3.203883495145631310e-01
3.188405797101449002e-01
3.173076923076922906e-01
3.205741626794258448e-01
3.190476190476190244e-01
3.222748815165876746e-01
3.207547169811320598e-01
3.192488262910798125e-01
3.177570093457943723e-01
3.162790697674418561e-01
3.148148148148148251e-01
3.179723502304147575e-01
3.165137614678898981e-01
3.150684931506849140e-01
3.136363636363636576e-01
3.122171945701357476e-01
3.108108108108108003e-01
3.139013452914798386e-01
3.125000000000000000e-01
3.111111111111111160e-01
3.097345132743362650e-01
3.083700440528634457e-01
3.070175438596491335e-01
3.056768558951964976e-01
3.086956521739130377e-01
3.073593073593073322e-01
3.060344827586206629e-01
3.047210300429184504e-01
3.034188034188033956e-01
3.063829787234042534e-01
3.093220338983050932e-01
3.080168776371308148e-01
3.067226890756302726e-01
3.096234309623430714e-01
3.125000000000000000e-01
3.153526970954356745e-01
3.140495867768595128e-01
3.127572016460905546e-01
3.114754098360655865e-01
3.102040816326530615e-01
3.089430894308943243e-01
3.076923076923077094e-01
3.064516129032258118e-01
3.052208835341365667e-01
3.039999999999999925e-01
3.027888446215139528e-01
3.015873015873015706e-01
3.003952569169960340e-01
3.031496062992126150e-01
3.019607843137254721e-01
3.007812500000000000e-01
3.035019455252918053e-01
3.062015503875968880e-01
3.088803088803088737e-01
3.115384615384615419e-01
3.103448275862069061e-01
3.091603053435114656e-01
3.079847908745247387e-01
3.068181818181818232e-01
3.056603773584905537e-01
3.045112781954887327e-01
3.033707865168539519e-01
3.059701492537313383e-01
3.048327137546468224e-01
3.037037037037036979e-01
3.025830258302583120e-01
3.051470588235294379e-01
3.076923076923077094e-01
3.065693430656934448e-01
3.054545454545454786e-01
3.079710144927536031e-01
3.068592057761732605e-01
3.057553956834532238e-01
3.082437275985663305e-01
3.071428571428571619e-01
3.060498220640569533e-01
3.049645390070921946e-01
3.038869257950529978e-01
3.028169014084506894e-01
3.017543859649122751e-01
3.041958041958042203e-01
3.031358885017421678e-01
3.020833333333333148e-01
3.044982698961937739e-01
3.068965517241379337e-01
3.058419243986254532e-01
3.047945205479452024e-01
3.037542662116041181e-01
3.027210884353741527e-01
3.050847457627118842e-01
3.040540540540540571e-01
3.030303030303030387e-01
3.020134228187919545e-01
3.010033444816053727e-01
2.999999999999999889e-01
2.990033222591362283e-01
2.980132450331126059e-01
2.970297029702970160e-01
2.960526315789473450e-01
2.983606557377049273e-01
2.973856209150326779e-01
2.996742671009772208e-01
2.987012987012986898e-01
2.977346278317152262e-01
2.967741935483870774e-01
2.958199356913183142e-01
2.948717948717948789e-01
2.939297124600638855e-01
2.929936305732483981e-01
2.920634920634920806e-01
2.911392405063291111e-01
2.902208201892744754e-01
2.893081761006289221e-01
2.884012539184953039e-01
2.874999999999999778e-01
2.866043613707164872e-01
2.857142857142856984e-01
2.848297213622291157e-01
2.839506172839506015e-01
2.861538461538461475e-01
2.852760736196319202e-01
2.844036697247706580e-01
2.835365853658536328e-01
2.826747720364741756e-01
2.848484848484848508e-01
2.870090634441087585e-01
2.861445783132530174e-01
2.852852852852852950e-01
2.874251497005987921e-01
2.865671641791044943e-01
2.857142857142856984e-01
2.848664688427299807e-01
2.840236686390532617e-01
2.831858407079645978e-01
2.823529411764705843e-01
2.815249266862170363e-01
2.836257309941520588e-01
2.857142857142856984e-01
2.848837209302325646e-01
2.840579710144927605e-01
2.832369942196532042e-01
2.824207492795389185e-01
2.816091954022988397e-01
2.808022922636103091e-01
2.800000000000000266e-01
2.792022792022791911e-01
2.784090909090908839e-01
2.776203966005665880e-01
2.768361581920903980e-01
2.760563380281690349e-01
2.752808988764045006e-01
2.745098039215686514e-01
2.737430167597765251e-01
2.729805013927576463e-01
2.722222222222221988e-01
2.742382271468143951e-01
2.734806629834254377e-01
2.727272727272727071e-01
2.719780219780219555e-01
2.712328767123287632e-01
2.704918032786885473e-01
2.697547683923705586e-01
2.690217391304347561e-01
2.682926829268292845e-01
2.675675675675675547e-01
2.668463611859838158e-01
2.688172043010752521e-01
2.680965147453083230e-01
2.673796791443850407e-01
2.666666666666666630e-01
2.659574468085106336e-01
2.652519893899204506e-01
2.645502645502645356e-01
2.638522427440633256e-01
2.631578947368420907e-01
2.624671916010498651e-01
2.617801047120418834e-01
2.610966057441253541e-01
2.630208333333333148e-01
2.623376623376623140e-01
2.616580310880828875e-01
2.609819121447028434e-01
2.603092783505154828e-01
2.596401028277635081e-01
2.589743589743589980e-01
2.583120204603580605e-01
2.576530612244897767e-01
2.569974554707379344e-01
2.563451776649746106e-01
2.556962025316455445e-01
2.550505050505050275e-01
2.569269521410579293e-01
2.562814070351758788e-01
2.556390977443608881e-01
2.550000000000000044e-01
2.543640897755610752e-01
2.537313432835821003e-01
2.531017369727047162e-01
2.524752475247524774e-01
2.518518518518518268e-01
2.512315270935960854e-01
2.506142506142506332e-01
2.500000000000000000e-01
2.493887530562347299e-01
2.487804878048780477e-01
2.481751824817518270e-01
2.500000000000000000e-01
2.493946731234866765e-01
2.487922705314009608e-01
2.481927710843373491e-01
2.475961538461538547e-01
2.470023980815347631e-01
2.464114832535885258e-01
2.458233890214797102e-01
2.452380952380952273e-01
2.470308788598574723e-01
2.464454976303317446e-01
2.458628841607564952e-01
2.452830188679245293e-01
2.447058823529411897e-01
2.441314553990610314e-01
2.459016393442622905e-01
2.453271028037383172e-01
2.447552447552447663e-01
2.441860465116278966e-01
2.436194895591647369e-01
2.430555555555555525e-01
2.424942263279445676e-01
2.419354838709677491e-01
2.413793103448275967e-01
2.408256880733944949e-01
2.402745995423340997e-01
2.397260273972602607e-01
2.391799544419134504e-01
2.386363636363636465e-01
2.380952380952380820e-01
2.375565610859728394e-01
2.392776523702031533e-01
2.387387387387387427e-01
2.382022471910112404e-01
2.399103139013452901e-01
2.393736017897091783e-01
2.410714285714285754e-01
2.427616926503340655e-01
2.422222222222222276e-01
2.416851441241685272e-01
2.411504424778760924e-01
2.406181015452538707e-01
2.422907488986784097e-01
2.417582417582417598e-01
2.412280701754385970e-01
2.428884026258205653e-01
2.423580786026200973e-01
2.418300653594771255e-01
2.413043478260869512e-01
2.407809110629067217e-01
2.402597402597402565e-01
2.397408207343412478e-01
2.392241379310344751e-01
2.387096774193548376e-01
2.381974248927038740e-01
2.398286937901498994e-01
2.393162393162393264e-01
2.388059701492537268e-01
2.382978723404255428e-01
2.377919320594479857e-01
2.372881355932203451e-01
2.367864693446088686e-01
2.362869198312236296e-01
2.357894736842105210e-01
2.352941176470588203e-01
2.348008385744234927e-01
2.343096234309623438e-01
2.338204592901878820e-01
2.333333333333333370e-01
2.328482328482328612e-01
2.323651452282157748e-01
2.318840579710144956e-01
2.314049586776859568e-01
2.309278350515464040e-01
2.304526748971193473e-01
2.299794661190965039e-01
2.295081967213114804e-01
2.290388548057259721e-01
2.285714285714285643e-01
2.281059063136456344e-01
2.276422764227642170e-01
2.271805273833671368e-01
2.267206477732793546e-01
2.262626262626262763e-01
2.258064516129032195e-01
2.273641851106639744e-01
2.269076305220883438e-01
2.264529058116232507e-01
2.260000000000000064e-01
2.255489021956087747e-01
2.250996015936254924e-01
2.246520874751491148e-01
2.242063492063492147e-01
2.237623762376237668e-01
2.233201581027667859e-01
2.228796844181459569e-01
2.224409448818897572e-01
2.220039292730844882e-01
2.215686274509803821e-01
2.211350293542074241e-01
2.207031250000000000e-01
2.202729044834307870e-01
2.198443579766536926e-01
2.194174757281553423e-01
2.189922480620155043e-01
2.185686653771760080e-01
2.200772200772200815e-01
2.196531791907514464e-01
2.192307692307692291e-01
2.188099808061420293e-01
2.183908045977011603e-01
2.179732313575525882e-01
2.175572519083969480e-01
2.171428571428571375e-01
2.167300380228136814e-01
2.182163187855787612e-01
2.196969696969696961e-01
2.192816635160680649e-01
2.188679245283018937e-01
2.184557438794726969e-01
2.199248120300751896e-01
2.195121951219512202e-01
2.209737827715355929e-01
2.205607476635514097e-01
2.201492537313432807e-01
2.197392923649906793e-01
2.193308550185873729e-01
2.189239332096475088e-01
2.203703703703703831e-01
2.199630314232902117e-01
2.195571955719557156e-01
2.191528545119705296e-01
2.187500000000000000e-01
2.183486238532110213e-01
2.179487179487179516e-01
2.193784277879341771e-01
2.189781021897810320e-01
2.185792349726775885e-01
2.181818181818181712e-01
2.196007259528130751e-01
2.192028985507246397e-01
2.206148282097649127e-01
2.202166064981949389e-01
2.198198198198198228e-01
2.194244604316546721e-01
2.190305206463195598e-01
2.186379928315412280e-01
2.182468694096600936e-01
2.178571428571428603e-01
2.174688057040998213e-01
2.170818505338078241e-01
2.166962699822380101e-01
2.180851063829787329e-01
2.176991150442477985e-01
2.173144876325088237e-01
2.169312169312169192e-01
2.165492957746478764e-01
2.161687170474516639e-01
