1.000000000000000000e+00
5.000000000000000000e-01
3.333333333333333148e-01
5.000000000000000000e-01
5.999999999999999778e-01
5.000000000000000000e-01
5.714285714285713969e-01
5.000000000000000000e-01
4.444444444444444198e-01
5.000000000000000000e-01
5.454545454545454142e-01
5.000000000000000000e-01
5.384615384615384359e-01
5.714285714285713969e-01
5.333333333333333259e-01
5.000000000000000000e-01
4.705882352941176405e-01
4.444444444444444198e-01
4.736842105263157632e-01
4.500000000000000111e-01
4.285714285714285476e-01
4.090909090909091161e-01
3.913043478260869734e-01
3.750000000000000000e-01
3.599999999999999867e-01
3.846153846153846367e-01
4.074074074074073848e-01
4.285714285714285476e-01
4.482758620689655249e-01
4.333333333333333481e-01
4.193548387096774355e-01
4.375000000000000000e-01
4.242424242424242542e-01
4.117647058823529216e-01
4.000000000000000222e-01
3.888888888888888951e-01
3.783783783783783994e-01
3.947368421052631637e-01
4.102564102564102422e-01
4.249999999999999889e-01
4.146341463414633943e-01
4.285714285714285476e-01
4.418604651162790775e-01
4.545454545454545303e-01
4.444444444444444198e-01
4.347826086956521618e-01
4.468085106382978511e-01
4.583333333333333148e-01
4.489795918367346927e-01
4.600000000000000200e-01
4.705882352941176405e-01
4.615384615384615641e-01
4.528301886792452935e-01
4.444444444444444198e-01
4.363636363636363424e-01
4.464285714285714524e-01
4.385964912280701511e-01
4.310344827586206629e-01
4.237288135593220151e-01
4.166666666666666852e-01
4.262295081967212851e-01
4.193548387096774355e-01
4.126984126984126755e-01
4.062500000000000000e-01
4.153846153846154077e-01
4.090909090909091161e-01
4.179104477611940149e-01
4.264705882352941013e-01
4.202898550724637472e-01
4.285714285714285476e-01
4.366197183098591283e-01
4.305555555555555802e-01
4.246575342465753189e-01
4.324324324324324564e-01
4.266666666666666941e-01
4.210526315789473450e-01
4.285714285714285476e-01
4.230769230769230727e-01
4.177215189873417778e-01
4.249999999999999889e-01
4.197530864197530631e-01
4.268292682926829174e-01
4.337349397590361533e-01
4.285714285714285476e-01
4.235294117647058765e-01
4.302325581395348708e-01
4.252873563218390607e-01
4.318181818181818232e-01
4.269662921348314488e-01
4.333333333333333481e-01
4.285714285714285476e-01
4.239130434782608647e-01
4.301075268817204367e-01
4.361702127659574657e-01
4.421052631578947234e-01
4.375000000000000000e-01
4.329896907216495006e-01
4.387755102040816202e-01
4.343434343434343647e-01
4.400000000000000022e-01
4.455445544554455517e-01
4.509803921568627527e-01
4.563106796116505048e-01
4.519230769230769273e-01
4.571428571428571286e-01
4.622641509433962348e-01
4.579439252336448551e-01
4.629629629629629650e-01
4.587155963302752548e-01
4.636363636363636243e-01
4.594594594594594850e-01
4.642857142857143016e-01
4.601769911504424715e-01
4.561403508771929571e-01
4.521739130434782594e-01
4.568965517241379559e-01
4.615384615384615641e-01
4.576271186440677985e-01
4.537815126050420145e-01
4.500000000000000111e-01
4.462809917355372025e-01
4.508196721311475419e-01
4.552845528455284341e-01
4.596774193548386900e-01
4.560000000000000164e-01
4.523809523809523836e-01
4.488188976377952555e-01
4.453125000000000000e-01
4.418604651162790775e-01
4.461538461538461786e-01
4.427480916030534508e-01
4.469696969696969613e-01
4.436090225563909528e-01
4.402985074626865614e-01
4.370370370370370572e-01
4.338235294117647189e-01
4.306569343065693167e-01
4.347826086956521618e-01
4.316546762589927866e-01
4.357142857142857206e-01
4.397163120567376127e-01
4.366197183098591283e-01
4.405594405594405738e-01
4.444444444444444198e-01
4.482758620689655249e-01
4.520547945205479201e-01
4.489795918367346927e-01
4.527027027027026862e-01
4.496644295302013594e-01
4.533333333333333104e-01
4.503311258278145934e-01
4.539473684210526550e-01
4.575163398692810302e-01
4.545454545454545303e-01
4.580645161290322620e-01
4.551282051282051211e-01
4.522292993630573354e-01
4.556962025316455556e-01
4.528301886792452935e-01
4.500000000000000111e-01
4.472049689440993903e-01
4.444444444444444198e-01
4.478527607361963425e-01
4.451219512195122019e-01
4.424242424242424421e-01
4.457831325301204739e-01
4.431137724550898160e-01
4.464285714285714524e-01
4.497041420118343402e-01
4.529411764705882359e-01
4.502923976608186885e-01
4.534883720930232287e-01
4.508670520231213841e-01
4.482758620689655249e-01
4.457142857142857295e-01
4.488636363636363535e-01
4.463276836158192040e-01
4.438202247191010974e-01
4.469273743016759504e-01
4.500000000000000111e-01
4.530386740331491802e-01
4.505494505494505586e-01
4.480874316939890689e-01
4.510869565217391353e-01
4.486486486486486736e-01
4.516129032258064391e-01
4.491978609625668639e-01
4.468085106382978511e-01
4.444444444444444198e-01
4.421052631578947234e-01
4.397905759162303863e-01
4.427083333333333148e-01
4.404145077720207357e-01
4.381443298969072142e-01
4.358974358974359031e-01
4.336734693877550839e-01
4.365482233502537834e-01
4.393939393939393923e-01
4.371859296482412116e-01
4.349999999999999978e-01
4.378109452736318463e-01
4.405940594059405968e-01
4.433497536945812945e-01
4.411764705882352811e-01
4.439024390243902496e-01
4.417475728155340065e-01
4.444444444444444198e-01
4.423076923076922906e-01
4.401913875598086334e-01
4.380952380952380931e-01
4.407582938388625582e-01
4.386792452830188815e-01
4.413145539906103143e-01
4.439252336448598069e-01
4.418604651162790775e-01
4.444444444444444198e-01
4.470046082949308830e-01
4.449541284403669694e-01
4.474885844748858199e-01
4.500000000000000111e-01
4.524886877828054321e-01
4.549549549549549710e-01
4.573991031390134410e-01
4.598214285714285476e-01
4.577777777777777835e-01
4.557522123893805177e-01
4.537444933920704582e-01
4.517543859649122973e-01
4.541484716157205281e-01
4.521739130434782594e-01
4.502164502164502369e-01
4.525862068965517127e-01
4.506437768240343367e-01
4.529914529914529919e-01
4.553191489361702038e-01
4.533898305084745894e-01
4.556962025316455556e-01
4.537815126050420145e-01
4.560669456066945848e-01
4.583333333333333148e-01
4.605809128630705129e-01
4.586776859504132497e-01
4.567901234567900981e-01
4.590163934426229608e-01
4.612244897959183465e-01
4.634146341463414864e-01
4.615384615384615641e-01
4.637096774193548154e-01
4.658634538152610638e-01
4.640000000000000235e-01
4.661354581673306519e-01
4.642857142857143016e-01
4.664031620553359958e-01
4.685039370078740162e-01
4.705882352941176405e-01
4.687500000000000000e-01
4.708171206225680860e-01
4.689922480620155043e-01
4.710424710424710448e-01
4.692307692307692291e-01
4.712643678160919336e-01
4.732824427480916141e-01
4.752851711026616077e-01
4.772727272727272929e-01
4.754716981132075526e-01
4.774436090225563922e-01
4.794007490636704172e-01
4.813432835820895539e-01
4.832713754646840165e-01
4.814814814814814548e-01
4.797047970479704770e-01
4.816176470588235392e-01
4.835164835164835195e-01
4.854014598540146164e-01
4.836363636363636420e-01
4.818840579710144678e-01
4.801444043321299593e-01
4.820143884892086339e-01
4.838709677419354982e-01
4.821428571428571508e-01
4.839857651245551562e-01
4.858156028368794122e-01
4.840989399293286199e-01
4.823943661971831220e-01
4.807017543859649078e-01
4.825174825174824988e-01
4.843205574912892164e-01
4.826388888888888951e-01
4.844290657439446202e-01
4.827586206896551935e-01
4.810996563573883278e-01
4.794520547945205213e-01
4.812286689419795205e-01
4.795918367346938549e-01
4.813559322033898469e-01
4.797297297297297147e-01
4.781144781144781031e-01
4.798657718120805105e-01
4.782608695652174058e-01
4.766666666666666829e-01
4.750830564784053189e-01
4.768211920529801251e-01
4.752475247524752255e-01
4.736842105263157632e-01
4.721311475409836200e-01
4.738562091503267792e-01
4.755700325732898914e-01
4.740259740259740173e-01
4.724919093851132623e-01
4.709677419354838523e-01
4.694533762057878090e-01
4.679487179487179516e-01
4.696485623003194831e-01
4.713375796178344013e-01
4.730158730158730007e-01
4.746835443037974445e-01
4.731861198738170349e-01
4.748427672955974899e-01
4.764890282131661325e-01
4.781250000000000222e-01
4.766355140186915862e-01
4.751552795031055987e-01
4.767801857585139413e-01
4.753086419753086433e-01
4.738461538461538614e-01
4.723926380368098088e-01
4.740061162079510781e-01
4.725609756097560732e-01
4.711246200607902557e-01
4.696969696969697239e-01
4.712990936555891408e-01
4.698795180722891707e-01
4.684684684684684575e-01
4.700598802395209441e-01
4.686567164179104572e-01
4.702380952380952328e-01
4.718100890207715392e-01
4.733727810650887324e-01
4.749262536873156137e-01
4.764705882352940902e-01
4.750733137829912245e-01
4.736842105263157632e-01
4.752186588921282762e-01
4.767441860465116421e-01
4.753623188405797229e-01
4.739884393063583667e-01
4.726224783861671663e-01
4.741379310344827624e-01
4.727793696275071622e-01
4.742857142857143105e-01
4.757834757834757955e-01
4.772727272727272929e-01
4.787535410764872656e-01
4.774011299435028111e-01
4.760563380281689905e-01
4.747191011235954994e-01
4.733893557422969023e-01
4.720670391061452253e-01
4.735376044568245235e-01
4.749999999999999778e-01
4.764542936288088670e-01
4.751381215469613339e-01
4.765840220385674786e-01
4.780219780219780445e-01
4.767123287671232723e-01
4.754098360655737432e-01
4.741144414168937393e-01
4.755434782608695676e-01
4.742547425474255007e-01
4.729729729729729715e-01
4.716981132075471761e-01
4.731182795698924970e-01
4.718498659517426086e-01
4.705882352941176405e-01
4.719999999999999751e-01
4.734042553191489255e-01
4.721485411140583510e-01
4.735449735449735464e-01
4.722955145118733489e-01
4.710526315789473895e-01
4.698162729658792447e-01
4.712041884816753901e-01
4.699738903394256040e-01
4.687500000000000000e-01
4.701298701298701199e-01
4.689119170984455964e-01
4.677002583979328332e-01
4.664948453608247503e-01
4.652956298200514040e-01
4.641025641025641191e-01
4.654731457800511674e-01
4.668367346938775420e-01
4.656488549618320594e-01
4.670050761421319918e-01
4.683544303797468333e-01
4.671717171717171824e-01
4.685138539042821293e-01
4.673366834170854522e-01
4.661654135338345606e-01
4.650000000000000244e-01
4.638403990024937418e-01
4.651741293532338228e-01
4.665012406947890988e-01
4.653465346534653713e-01
4.641975308641975162e-01
4.655172413793103314e-01
4.643734643734643841e-01
4.632352941176470784e-01
4.621026894865525869e-01
4.634146341463414864e-01
4.622871046228710368e-01
4.611650485436893376e-01
4.624697336561743310e-01
4.637681159420289911e-01
4.626506024096385672e-01
4.615384615384615641e-01
4.604316546762590168e-01
4.593301435406698663e-01
4.606205250596658862e-01
4.619047619047619291e-01
4.631828978622327675e-01
4.644549763033175571e-01
4.657210401891253015e-01
4.646226415094339424e-01
4.635294117647058565e-01
4.647887323943661886e-01
4.660421545667447485e-01
4.649532710280374070e-01
4.638694638694638717e-01
4.627906976744186052e-01
4.640371229698375677e-01
4.652777777777777901e-01
4.642032332563510444e-01
4.631336405529953848e-01
4.643678160919540443e-01
4.633027522935779796e-01
4.645308924485125890e-01
4.657534246575342207e-01
4.646924829157175196e-01
4.636363636363636243e-01
4.648526077097505649e-01
4.638009049773755832e-01
4.650112866817155965e-01
4.662162162162162282e-01
4.674157303370786720e-01
4.663677130044843189e-01
4.675615212527964304e-01
4.665178571428571508e-01
4.677060133630289718e-01
4.666666666666666741e-01
4.656319290465631977e-01
4.646017699115044253e-01
4.657836644591611397e-01
4.647577092511013253e-01
4.659340659340659441e-01
4.649122807017543879e-01
4.660831509846827259e-01
4.650655021834060876e-01
4.662309368191721037e-01
4.652173913043478048e-01
4.663774403470715701e-01
4.675324675324675217e-01
4.665226781857451654e-01
4.655172413793103314e-01
4.645161290322580849e-01
4.656652360515021183e-01
4.646680942184154284e-01
4.658119658119658224e-01
4.669509594882729209e-01
4.659574468085106447e-01
4.649681528662420460e-01
4.661016949152542166e-01
4.651162790697674354e-01
4.662447257383966481e-01
4.652631578947368229e-01
4.642857142857143016e-01
4.633123689727463579e-01
4.623430962343096362e-01
4.634655532359081564e-01
4.645833333333333481e-01
4.656964656964657223e-01
4.668049792531120401e-01
4.658385093167701774e-01
4.648760330578512456e-01
4.659793814432989789e-01
4.670781893004115060e-01
4.681724845995893225e-01
4.692622950819672067e-01
4.683026584867075459e-01
4.693877551020408379e-01
4.684317718940936848e-01
4.674796747967479571e-01
4.665314401622718266e-01
4.676113360323886914e-01
4.666666666666666741e-01
4.677419354838709409e-01
4.668008048289738476e-01
4.658634538152610638e-01
4.649298597194388982e-01
4.640000000000000235e-01
4.630738522954092051e-01
4.641434262948206935e-01
4.652087475149105367e-01
4.662698412698412787e-01
4.653465346534653713e-01
4.644268774703557146e-01
4.635108481262327218e-01
4.645669291338582751e-01
4.636542239685658151e-01
4.647058823529411908e-01
4.637964774951076063e-01
4.628906250000000000e-01
4.619883040935672258e-01
4.630350194552529386e-01
4.621359223300970931e-01
4.612403100775193665e-01
4.603481624758220536e-01
4.594594594594594850e-01
4.585741811175337301e-01
4.576923076923076761e-01
4.568138195777351473e-01
4.578544061302681767e-01
4.569789674952198788e-01
4.561068702290076438e-01
4.552380952380952195e-01
4.543726235741444852e-01
4.554079696394686683e-01
4.545454545454545303e-01
4.536862003780718355e-01
4.547169811320754818e-01
4.538606403013182855e-01
4.530075187969924699e-01
4.521575984990618968e-01
4.531835205992509330e-01
4.542056074766355200e-01
4.533582089552238847e-01
4.525139664804469497e-01
4.535315985130111693e-01
4.526901669758812696e-01
4.518518518518518379e-01
4.510166358595193992e-01
4.520295202952029356e-01
4.530386740331491802e-01
4.522058823529411797e-01
4.532110091743119518e-01
4.523809523809523836e-01
4.515539305301645157e-01
4.507299270072992470e-01
4.499089253187613657e-01
4.490909090909090962e-01
4.500907441016334110e-01
4.492753623188405765e-01
4.484629294755876905e-01
4.494584837545126388e-01
4.486486486486486736e-01
4.478417266187050272e-01
4.470377019748653646e-01
4.480286738351254572e-01
4.472271914132379123e-01
4.464285714285714524e-01
4.456327985739750308e-01
4.448398576512455627e-01
4.458259325044404697e-01
4.450354609929078054e-01
4.442477876106194490e-01
4.452296819787985860e-01
4.462081128747795167e-01
4.471830985915493106e-01
4.463971880492091371e-01
4.456140350877192957e-01
4.448336252189141748e-01
4.440559440559440629e-01
4.450261780104712295e-01
4.459930313588850170e-01
4.452173913043478426e-01
4.444444444444444198e-01
4.436741767764297850e-01
4.429065743944636813e-01
4.438687392055267744e-01
4.431034482758620663e-01
4.423407917383820886e-01
4.432989690721649279e-01
4.425385934819897060e-01
4.417808219178082085e-01
4.427350427350427164e-01
4.419795221843003663e-01
4.429301533219761611e-01
4.438775510204081565e-01
4.431239388794567247e-01
4.440677966101694851e-01
4.433164128595600828e-01
4.425675675675675436e-01
4.418212478920742203e-01
4.410774410774410681e-01
4.403361344537815025e-01
4.412751677852349008e-01
4.405360134003349915e-01
4.414715719063544985e-01
4.424040066777963354e-01
4.416666666666666519e-01
4.409317803660565693e-01
4.418604651162790775e-01
4.411276948590381330e-01
4.403973509933774566e-01
4.396694214876032958e-01
4.389438943894389267e-01
4.382207578253706770e-01
4.375000000000000000e-01
4.367816091954023205e-01
4.360655737704918211e-01
4.353518821603927780e-01
4.346405228758170036e-01
4.339314845024470069e-01
4.332247557003257588e-01
4.325203252032520096e-01
4.318181818181818232e-01
4.311183144246353294e-01
4.304207119741100263e-01
4.297253634894991903e-01
4.290322580645161143e-01
4.283413848631240084e-01
4.276527331189710623e-01
4.269662921348314488e-01
4.262820512820512664e-01
4.255999999999999783e-01
4.265175718849840147e-01
4.258373205741626810e-01
4.251592356687898255e-01
4.260731319554849073e-01
4.253968253968253843e-01
4.263074484944532339e-01
4.256329113924050556e-01
4.249605055292259292e-01
4.242902208201893011e-01
4.251968503937008093e-01
4.245283018867924696e-01
4.238618524332810056e-01
4.231974921630093922e-01
4.225352112676056260e-01
4.234375000000000222e-01
4.227769110764430516e-01
4.221183800623052873e-01
4.214618973561430892e-01
4.223602484472049889e-01
4.217054263565891414e-01
4.210526315789473450e-01
4.204018547140649376e-01
4.197530864197530631e-01
4.191063174114021406e-01
4.199999999999999845e-01
4.208909370199692690e-01
4.202453987730061513e-01
4.196018376722817633e-01
4.204892966360856410e-01
4.213740458015267087e-01
4.207317073170731558e-01
4.216133942161339188e-01
4.209726443768996851e-01
4.203338391502275950e-01
4.212121212121212044e-01
4.205748865355521948e-01
4.199395770392749250e-01
4.193061840120663741e-01
4.186746987951807109e-01
4.180451127819548862e-01
4.174174174174173912e-01
4.182908545727136440e-01
4.176646706586826241e-01
4.170403587443946014e-01
4.179104477611940149e-01
4.187779433681073082e-01
4.181547619047619180e-01
4.175334323922734181e-01
4.169139465875371098e-01
4.162962962962962754e-01
4.156804733727810786e-01
4.150664697193500730e-01
4.159292035398229892e-01
4.153166421207658554e-01
4.161764705882353144e-01
4.155653450807635929e-01
4.149560117302052986e-01
4.158125915080527202e-01
4.152046783625730764e-01
4.145985401459854058e-01
4.139941690962098964e-01
4.133915574963609729e-01
4.127906976744186163e-01
4.121915820029027344e-01
4.130434782608695676e-01
