1.000000000000000000e+00
5.000000000000000000e-01
6.666666666666666297e-01
5.000000000000000000e-01
5.999999999999999778e-01
6.666666666666666297e-01
5.714285714285713969e-01
5.000000000000000000e-01
4.444444444444444198e-01
5.000000000000000000e-01
4.545454545454545303e-01
4.166666666666666852e-01
4.615384615384615641e-01
5.000000000000000000e-01
5.333333333333333259e-01
5.625000000000000000e-01
5.882352941176470784e-01
5.555555555555555802e-01
5.789473684210526550e-01
5.999999999999999778e-01
6.190476190476190688e-01
5.909090909090909394e-01
6.086956521739130821e-01
5.833333333333333703e-01
5.600000000000000533e-01
5.384615384615384359e-01
5.185185185185184897e-01
5.000000000000000000e-01
4.827586206896551935e-01
5.000000000000000000e-01
4.838709677419354982e-01
5.000000000000000000e-01
4.848484848484848619e-01
4.705882352941176405e-01
4.571428571428571286e-01
4.722222222222222099e-01
4.594594594594594850e-01
4.736842105263157632e-01
4.871794871794871695e-01
4.749999999999999778e-01
4.634146341463414864e-01
4.523809523809523836e-01
4.418604651162790775e-01
4.318181818181818232e-01
4.444444444444444198e-01
4.347826086956521618e-01
4.255319148936170248e-01
4.166666666666666852e-01
4.081632653061224580e-01
4.000000000000000222e-01
3.921568627450980338e-01
3.846153846153846367e-01
3.773584905660377631e-01
3.703703703703703498e-01
3.818181818181818343e-01
3.750000000000000000e-01
3.859649122807017330e-01
3.965517241379310498e-01
3.898305084745762872e-01
3.833333333333333592e-01
3.770491803278688270e-01
3.709677419354838745e-01
3.809523809523809312e-01
3.750000000000000000e-01
3.846153846153846367e-01
3.787878787878787845e-01
3.731343283582089776e-01
3.676470588235294379e-01
3.768115942028985588e-01
3.857142857142857317e-01
3.802816901408450634e-01
3.750000000000000000e-01
3.698630136986301165e-01
3.648648648648648574e-01
3.733333333333333504e-01
3.815789473684210731e-01
3.896103896103896291e-01
3.974358974358974117e-01
3.924050632911392222e-01
3.875000000000000111e-01
3.950617283950617065e-01
4.024390243902439268e-01
3.975903614457831359e-01
3.928571428571428492e-01
3.882352941176470673e-01
3.837209302325581550e-01
3.793103448275861878e-01
3.863636363636363535e-01
3.932584269662921517e-01
4.000000000000000222e-01
3.956043956043955867e-01
3.913043478260869734e-01
3.870967741935483764e-01
3.936170212765957577e-01
4.000000000000000222e-01
3.958333333333333148e-01
3.917525773195876249e-01
3.877551020408163129e-01
3.838383838383838120e-01
3.800000000000000044e-01
3.762376237623762387e-01
3.725490196078431460e-01
3.689320388349514590e-01
3.653846153846153633e-01
3.619047619047618958e-01
3.679245283018867663e-01
3.644859813084111999e-01
3.703703703703703498e-01
3.669724770642202039e-01
3.636363636363636465e-01
3.603603603603603434e-01
3.571428571428571508e-01
3.539823008849557473e-01
3.596491228070175517e-01
3.652173913043478271e-01
3.620689655172413812e-01
3.675213675213675479e-01
3.728813559322033955e-01
3.781512605042016695e-01
3.833333333333333592e-01
3.884297520661156855e-01
3.934426229508196649e-01
3.902439024390244038e-01
3.870967741935483764e-01
3.920000000000000151e-01
3.888888888888888951e-01
3.858267716535432879e-01
3.906250000000000000e-01
3.953488372093023062e-01
4.000000000000000222e-01
4.045801526717557328e-01
4.090909090909091161e-01
4.135338345864661425e-01
4.104477611940298698e-01
4.074074074074073848e-01
4.044117647058823595e-01
4.014598540145985495e-01
4.057971014492753881e-01
4.100719424460431695e-01
4.071428571428571397e-01
4.042553191489361430e-01
4.014084507042253724e-01
3.986013986013985932e-01
4.027777777777777901e-01
4.068965517241379115e-01
4.041095890410958957e-01
4.013605442176870763e-01
3.986486486486486291e-01
3.959731543624160910e-01
3.933333333333333126e-01
3.907284768211920500e-01
3.881578947368420907e-01
3.856209150326797563e-01
3.831168831168831335e-01
3.806451612903225534e-01
3.846153846153846367e-01
3.885350318471337827e-01
3.860759493670886111e-01
3.836477987421383906e-01
3.812499999999999778e-01
3.788819875776397450e-01
3.765432098765432167e-01
3.742331288343558326e-01
3.719512195121951192e-01
3.696969696969696906e-01
3.674698795180723065e-01
3.712574850299401041e-01
3.750000000000000000e-01
3.727810650887574129e-01
3.705882352941176627e-01
3.742690058479531956e-01
3.779069767441860517e-01
3.757225433526011349e-01
3.793103448275861878e-01
3.828571428571428403e-01
3.806818181818181768e-01
3.841807909604519899e-01
3.820224719101123489e-01
3.798882681564245689e-01
3.777777777777777679e-01
3.812154696132596943e-01
3.791208791208791062e-01
3.770491803278688270e-01
3.804347826086956763e-01
3.837837837837838051e-01
3.870967741935483764e-01
3.903743315508021450e-01
3.936170212765957577e-01
3.968253968253968034e-01
4.000000000000000222e-01
4.031413612565444837e-01
4.010416666666666852e-01
3.989637305699481606e-01
4.020618556701031077e-01
4.000000000000000222e-01
3.979591836734693855e-01
4.010152284263959199e-01
3.989898989898990056e-01
4.020100502512563012e-01
4.050000000000000266e-01
4.079601990049750992e-01
4.059405940594059681e-01
4.039408866995073955e-01
4.068627450980392135e-01
4.097560975609755851e-01
4.126213592233009542e-01
4.106280193236714893e-01
4.086538461538461453e-01
4.066985645933014482e-01
4.047619047619047672e-01
4.028436018957345932e-01
4.009433962264151163e-01
4.037558685446009377e-01
4.018691588785046620e-01
4.046511627906976827e-01
4.027777777777777901e-01
4.009216589861751001e-01
3.990825688073394439e-01
3.972602739726027177e-01
3.954545454545454475e-01
3.936651583710407132e-01
3.918918918918918859e-01
3.901345291479820787e-01
3.883928571428571508e-01
3.866666666666666585e-01
3.849557522123893682e-01
3.876651982378854777e-01
3.859649122807017330e-01
3.886462882096070048e-01
3.913043478260869734e-01
3.939393939393939226e-01
3.965517241379310498e-01
3.948497854077253066e-01
3.931623931623931534e-01
3.914893617021276695e-01
3.940677966101694962e-01
3.924050632911392222e-01
3.949579831932772955e-01
3.974895397489539572e-01
4.000000000000000222e-01
4.024896265560166109e-01
4.008264462809917328e-01
3.991769547325103029e-01
3.975409836065573743e-01
3.959183673469387488e-01
3.943089430894308745e-01
3.927125506072874361e-01
3.911290322580645018e-01
3.895582329317269221e-01
3.920000000000000151e-01
3.944223107569720943e-01
3.928571428571428492e-01
3.952569169960474249e-01
3.976377952755905665e-01
3.960784313725490002e-01
3.945312500000000000e-01
3.929961089494163340e-01
3.953488372093023062e-01
3.976833976833976658e-01
3.961538461538461342e-01
3.946360153256704972e-01
3.931297709923664008e-01
3.916349809885931732e-01
3.901515151515151381e-01
3.886792452830188926e-01
3.909774436090225347e-01
3.895131086142322174e-01
3.880597014925373234e-01
3.903345724907062997e-01
3.888888888888888951e-01
3.874538745387454131e-01
3.860294117647058987e-01
3.882783882783882867e-01
3.905109489051095117e-01
3.890909090909090984e-01
3.876811594202898559e-01
3.862815884476534234e-01
3.848920863309352458e-01
3.870967741935483764e-01
3.892857142857142905e-01
3.879003558718860933e-01
3.865248226950354637e-01
3.851590106007067305e-01
3.838028169014084390e-01
3.824561403508772162e-01
3.846153846153846367e-01
3.832752613240418271e-01
3.819444444444444198e-01
3.806228373702422174e-01
3.827586206896551602e-01
3.814432989690721421e-01
3.801369863013698835e-01
3.822525597269624820e-01
3.809523809523809312e-01
3.796610169491525522e-01
3.817567567567567433e-01
3.804713804713804604e-01
3.791946308724832293e-01
3.779264214046823001e-01
3.766666666666666496e-01
3.754152823920265947e-01
3.774834437086092565e-01
3.795379537953795235e-01
3.815789473684210731e-01
3.836065573770491843e-01
3.823529411764705621e-01
3.843648208469055416e-01
3.831168831168831335e-01
3.851132686084142165e-01
3.870967741935483764e-01
3.890675241157556252e-01
3.878205128205128305e-01
3.865814696485623259e-01
3.885350318471337827e-01
3.873015873015873134e-01
3.860759493670886111e-01
3.880126182965299431e-01
3.867924528301887044e-01
3.855799373040752487e-01
3.843750000000000222e-01
3.862928348909657195e-01
3.850931677018633592e-01
3.869969040247678294e-01
3.858024691358024616e-01
3.846153846153846367e-01
3.834355828220858964e-01
3.822629969418960272e-01
3.810975609756097615e-01
3.799392097264437940e-01
3.787878787878787845e-01
3.806646525679758253e-01
3.825301204819276935e-01
3.813813813813813902e-01
3.802395209580838320e-01
3.791044776119402715e-01
3.779761904761904656e-01
3.798219584569733076e-01
3.816568047337278169e-01
3.834808259587020873e-01
3.823529411764705621e-01
3.812316715542521939e-01
3.801169590643274643e-01
3.790087463556851555e-01
3.779069767441860517e-01
3.768115942028985588e-01
3.757225433526011349e-01
3.746397694524495892e-01
3.735632183908045856e-01
3.724928366762177423e-01
3.742857142857142771e-01
3.732193732193732072e-01
3.750000000000000000e-01
3.767705382436260519e-01
3.785310734463276927e-01
3.802816901408450634e-01
3.820224719101123489e-01
3.837535014005602485e-01
3.826815642458100686e-01
3.844011142061281583e-01
3.861111111111111271e-01
3.878116343490304874e-01
3.867403314917127188e-01
3.856749311294765947e-01
3.846153846153846367e-01
3.863013698630137216e-01
3.852459016393442459e-01
3.841961852861035531e-01
3.831521739130434590e-01
3.848238482384823689e-01
3.837837837837838051e-01
3.827493261455525708e-01
3.817204301075268758e-01
3.806970509383377776e-01
3.796791443850267567e-01
3.786666666666666514e-01
3.776595744680851241e-01
3.766578249336869910e-01
3.756613756613756405e-01
3.746701846965699301e-01
3.736842105263157854e-01
3.727034120734908362e-01
3.743455497382198738e-01
3.733681462140991947e-01
3.723958333333333148e-01
3.714285714285714413e-01
3.704663212435233000e-01
3.695090439276486061e-01
3.685567010309278579e-01
3.676092544987146771e-01
3.666666666666666408e-01
3.657289002557544966e-01
3.647959183673469274e-01
3.664122137404580148e-01
3.654822335025380564e-01
3.645569620253164556e-01
3.636363636363636465e-01
3.627204030226700016e-01
3.618090452261306655e-01
3.634085213032581252e-01
3.624999999999999889e-01
3.615960099750623602e-01
3.606965174129353469e-01
3.622828784119106471e-01
3.638613861386138515e-01
3.629629629629629872e-01
3.645320197044334964e-01
3.636363636363636465e-01
3.651960784313725283e-01
3.643031784841075926e-01
3.658536585365853577e-01
3.673965936739659321e-01
3.665048543689320426e-01
3.680387409200968629e-01
3.695652173913043237e-01
3.710843373493976083e-01
3.725961538461538547e-01
3.741007194244604372e-01
3.755980861244019309e-01
3.747016706443914158e-01
3.761904761904761862e-01
3.776722090261282472e-01
3.767772511848341277e-01
3.758865248226950229e-01
3.750000000000000000e-01
3.764705882352941124e-01
3.779342723004694982e-01
3.770491803278688270e-01
3.761682242990654346e-01
3.752913752913752954e-01
3.767441860465116088e-01
3.758700696055684576e-01
3.750000000000000000e-01
3.764434180138568342e-01
3.755760368663594306e-01
3.747126436781609282e-01
3.761467889908257090e-01
3.752860411899313631e-01
3.744292237442922167e-01
3.758542141230068467e-01
3.772727272727272596e-01
3.786848072562358225e-01
3.778280542986425239e-01
3.769751693002257320e-01
3.783783783783783994e-01
3.775280898876404723e-01
3.789237668161434813e-01
3.803131991051454386e-01
3.816964285714285476e-01
3.808463251670378691e-01
3.822222222222222410e-01
3.835920177383592145e-01
3.827433628318583914e-01
3.818984547461368728e-01
3.810572687224669797e-01
3.824175824175823912e-01
3.837719298245614308e-01
3.829321663019693567e-01
3.842794759825327588e-01
3.856209150326797563e-01
3.847826086956521729e-01
3.839479392624728926e-01
3.831168831168831335e-01
3.822894168466522413e-01
3.814655172413793371e-01
3.806451612903225534e-01
3.798283261802575250e-01
3.811563169164882137e-01
3.824786324786324521e-01
3.816631130063966038e-01
3.808510638297872286e-01
3.821656050955414274e-01
3.834745762711864181e-01
3.826638477801268534e-01
3.839662447257383704e-01
3.831578947368420862e-01
3.823529411764705621e-01
3.836477987421383906e-01
3.849372384937238545e-01
3.841336116910229470e-01
3.833333333333333592e-01
3.825363825363825576e-01
3.817427385892115943e-01
3.809523809523809312e-01
3.801652892561983577e-01
3.793814432989690566e-01
3.806584362139917577e-01
3.819301848049281300e-01
3.811475409836065364e-01
3.803680981595092270e-01
3.795918367346938771e-01
3.788187372708757827e-01
3.780487804878048808e-01
3.772819472616633085e-01
3.765182186234817818e-01
3.777777777777777679e-01
3.790322580645161255e-01
3.782696177062374043e-01
3.775100401606425460e-01
3.787575150300601101e-01
3.780000000000000027e-01
3.772455089820359042e-01
3.784860557768924272e-01
3.777335984095427368e-01
3.789682539682539542e-01
3.782178217821782207e-01
3.794466403162055079e-01
3.806706114398422103e-01
3.818897637795275468e-01
3.811394891944990260e-01
3.803921568627450789e-01
3.816046966731898027e-01
3.828125000000000000e-01
3.820662768031188872e-01
3.813229571984435573e-01
3.805825242718446355e-01
3.798449612403100861e-01
3.791102514506770049e-01
3.803088803088803260e-01
3.815028901734103806e-01
3.807692307692307487e-01
3.800383877159309032e-01
3.812260536398467403e-01
3.804971319311663547e-01
3.816793893129771242e-01
3.809523809523809312e-01
3.821292775665399155e-01
3.814041745730550326e-01
3.806818181818181768e-01
3.818525519848771088e-01
3.830188679245283279e-01
3.822975517890772057e-01
3.834586466165413321e-01
3.827392120075047144e-01
3.820224719101123489e-01
3.813084112149532912e-01
3.824626865671642006e-01
3.836126629422718648e-01
3.828996282527881156e-01
3.821892393320964754e-01
3.814814814814814770e-01
3.826247689463955770e-01
3.837638376383764038e-01
3.848987108655617106e-01
3.860294117647058987e-01
3.871559633027523151e-01
3.864468864468864617e-01
3.857404021937843042e-01
3.850364963503649651e-01
3.861566484517304221e-01
3.872727272727272685e-01
3.865698729582577320e-01
3.858695652173912971e-01
3.851717902350813572e-01
3.844765342960289045e-01
3.837837837837838051e-01
3.848920863309352458e-01
3.842010771992818707e-01
3.853046594982078576e-01
3.846153846153846367e-01
3.839285714285714524e-01
3.850267379679144231e-01
3.861209964412811169e-01
3.854351687388987702e-01
3.847517730496453625e-01
3.840707964601769997e-01
3.833922261484098981e-01
3.844797178130511250e-01
3.838028169014084390e-01
3.848857644991212634e-01
3.842105263157894468e-01
3.835376532399299432e-01
3.828671328671328644e-01
3.821989528795811664e-01
3.832752613240418271e-01
3.826086956521739246e-01
3.819444444444444198e-01
3.812824956672443699e-01
3.806228373702422174e-01
3.816925734024179673e-01
3.810344827586206740e-01
3.820998278829604300e-01
3.831615120274914355e-01
3.825042881646655291e-01
3.818493150684931781e-01
3.811965811965811746e-01
3.805460750853242313e-01
3.816013628620102405e-01
3.809523809523809312e-01
3.820033955857385366e-01
3.813559322033898136e-01
3.824027072758037216e-01
3.817567567567567433e-01
3.811129848229342088e-01
3.821548821548821362e-01
3.815126050420167836e-01
3.825503355704698016e-01
3.819095477386934556e-01
3.812709030100334684e-01
3.806343906510851194e-01
3.816666666666666541e-01
3.810316139767054855e-01
3.820598006644518319e-01
3.814262023217246944e-01
3.807947019867549687e-01
3.818181818181818343e-01
3.828382838283828637e-01
3.822075782537067701e-01
3.832236842105263275e-01
3.825944170771756747e-01
3.819672131147541227e-01
3.813420621931259968e-01
3.807189542483659928e-01
3.817292006525285220e-01
3.827361563517915344e-01
3.837398373983739730e-01
3.847402597402597157e-01
3.841166936790924025e-01
3.851132686084142165e-01
3.861066235864297203e-01
3.854838709677419484e-01
3.864734299516908167e-01
3.874598070739549982e-01
3.884430176565007997e-01
3.894230769230769273e-01
3.904000000000000248e-01
3.897763578274760499e-01
3.891547049441786421e-01
3.901273885350318715e-01
3.910969793322734422e-01
3.904761904761904767e-01
3.914421553090332573e-01
3.924050632911392222e-01
3.917851500789889529e-01
3.927444794952681395e-01
3.921259842519684846e-01
3.930817610062893319e-01
3.924646781789639105e-01
3.934169278996865193e-01
3.928012519561815408e-01
3.937499999999999889e-01
3.931357254290171466e-01
3.940809968847351907e-01
3.950233281493001347e-01
3.959627329192546563e-01
3.953488372093023062e-01
3.962848297213622528e-01
3.972179289026275262e-01
3.981481481481481399e-01
3.975346687211093744e-01
3.969230769230769340e-01
3.978494623655913776e-01
3.987730061349692989e-01
3.981623277182235743e-01
3.975535168195718505e-01
3.984732824427481002e-01
3.993902439024390461e-01
4.003044140030441178e-01
4.012158054711246202e-01
4.006069802731411222e-01
4.000000000000000222e-01
3.993948562783661282e-01
4.003021148036253751e-01
4.012066365007541657e-01
4.006024096385542022e-01
4.000000000000000222e-01
3.993993993993993907e-01
3.988005997001499159e-01
3.982035928143712322e-01
3.991031390134529011e-01
4.000000000000000222e-01
3.994038748137108685e-01
3.988095238095238360e-01
3.982169390787518304e-01
3.976261127596439349e-01
3.985185185185184942e-01
3.994082840236686249e-01
3.988183161004431043e-01
3.982300884955752296e-01
3.991163475699558427e-01
3.985294117647059098e-01
3.979441997063142278e-01
3.973607038123166957e-01
3.967789165446559130e-01
3.961988304093567170e-01
3.956204379562043849e-01
3.950437317784256663e-01
3.944687045123726477e-01
3.938953488372092804e-01
3.933236574746008518e-01
3.927536231884057871e-01
3.921852387843705046e-01
3.916184971098266021e-01
3.910533910533910418e-01
3.904899135446686098e-01
3.899280575539568194e-01
3.893678160919540332e-01
3.888091822094691397e-01
3.882521489971346718e-01
3.876967095851215905e-01
3.871428571428571219e-01
3.880171184022824793e-01
3.874643874643874386e-01
3.883357041251778163e-01
3.877840909090908839e-01
3.872340425531914931e-01
3.866855524079320094e-01
3.875530410183875563e-01
3.870056497175141108e-01
3.878702397743300501e-01
3.873239436619718146e-01
3.867791842475386543e-01
3.876404494382022503e-01
3.884992987377279272e-01
3.879551820728291411e-01
3.874125874125874391e-01
3.868715083798882626e-01
3.863319386331938721e-01
3.857938718662952682e-01
3.852573018080667766e-01
3.847222222222222432e-01
3.855755894590846000e-01
3.850415512465373835e-01
3.845089903181189706e-01
3.853591160220994349e-01
3.862068965517241326e-01
3.856749311294765947e-01
3.851444291609353310e-01
3.846153846153846367e-01
3.840877914951988936e-01
3.835616438356164171e-01
3.844049247606018960e-01
3.852459016393442459e-01
3.847203274215552637e-01
3.841961852861035531e-01
3.836734693877550950e-01
3.845108695652174058e-01
3.853459972862958161e-01
3.861788617886178776e-01
3.856562922868741472e-01
3.864864864864864802e-01
3.873144399460188847e-01
3.867924528301887044e-01
3.862718707940780427e-01
3.857526881720430012e-01
3.852348993288590706e-01
3.847184986595174050e-01
3.842034805890227611e-01
3.850267379679144231e-01
3.858477970627503528e-01
3.853333333333333610e-01
3.848202396804261127e-01
3.843085106382978511e-01
3.837981407702523162e-01
3.832891246684350106e-01
3.841059602649006810e-01
3.835978835978836043e-01
3.844121532364597194e-01
3.852242744063324453e-01
3.860342555994729641e-01
3.868421052631578760e-01
3.876478318002627987e-01
3.871391076115485719e-01
3.879423328964613504e-01
3.887434554973822065e-01
3.895424836601307228e-01
3.890339425587467370e-01
3.885267275097783468e-01
3.880208333333333148e-01
3.875162548764629622e-01
3.870129870129870309e-01
3.865110246433203778e-01
3.860103626943005017e-01
3.855109961190167911e-01
3.850129198966408262e-01
3.858064516129032229e-01
3.865979381443299112e-01
3.873873873873873719e-01
3.868894601542416378e-01
3.863928112965340222e-01
3.858974358974359142e-01
3.866837387964148776e-01
3.874680306905370908e-01
3.882503192848020257e-01
3.890306122448979331e-01
3.898089171974522538e-01
3.893129770992366234e-01
3.888182973316391400e-01
3.883248730964466988e-01
3.878326996197718479e-01
3.873417721518987444e-01
3.868520859671302214e-01
3.876262626262626521e-01
3.871374527112231845e-01
3.879093198992443203e-01
3.874213836477987671e-01
3.869346733668341809e-01
3.877038895859473144e-01
3.884711779448621338e-01
3.879849812265331876e-01
3.875000000000000111e-01
3.870162297128589279e-01
3.865336658354114885e-01
3.860523038605230273e-01
3.855721393034826083e-01
3.850931677018633592e-01
3.846153846153846367e-01
3.841387856257744704e-01
3.836633663366336711e-01
3.844252163164400549e-01
3.851851851851851860e-01
3.859432799013563509e-01
3.854679802955665036e-01
3.862238622386223730e-01
3.857493857493857758e-01
3.852760736196318980e-01
3.860294117647058987e-01
3.855569155446756380e-01
3.850855745721271650e-01
3.846153846153846367e-01
3.853658536585365946e-01
3.848964677222899144e-01
3.844282238442822131e-01
3.839611178614824039e-01
3.847087378640776656e-01
3.842424242424242187e-01
3.837772397094431076e-01
3.845223700120918853e-01
3.852657004830917775e-01
3.848009650180940766e-01
3.855421686746988152e-01
3.850782190132370775e-01
3.858173076923077094e-01
3.853541416566626521e-01
3.848920863309352458e-01
3.856287425149700354e-01
3.851674641148325473e-01
3.859020310633213824e-01
3.854415274463007246e-01
3.861740166865315627e-01
3.857142857142857317e-01
3.852556480380499582e-01
3.847980997624703137e-01
3.855278766310794580e-01
3.862559241706161051e-01
3.857988165680473203e-01
3.853427895981087481e-01
3.860684769775679093e-01
3.867924528301887044e-01
3.863368669022379520e-01
3.870588235294117885e-01
3.866039952996474516e-01
3.861502347417840597e-01
3.856975381008206361e-01
3.852459016393442459e-01
3.847953216374269125e-01
3.843457943925233655e-01
3.838973162193698996e-01
3.834498834498834552e-01
3.841676367869615860e-01
3.837209302325581550e-01
3.832752613240418271e-01
3.839907192575405803e-01
3.835457705677867701e-01
3.842592592592592449e-01
3.849710982658959280e-01
3.856812933025404178e-01
3.863898500576701256e-01
3.859447004608295151e-01
3.855005753739930707e-01
3.850574712643677899e-01
3.846153846153846367e-01
3.841743119266055051e-01
3.837342497136311814e-01
3.832951945080091405e-01
3.828571428571428403e-01
3.824200913242009059e-01
3.819840364880273675e-01
3.815489749430523991e-01
3.822525597269624820e-01
3.818181818181818343e-01
3.813847900113507272e-01
3.809523809523809312e-01
3.805209513023782297e-01
3.800904977375565430e-01
3.807909604519774116e-01
3.803611738148984234e-01
3.810597519729425064e-01
3.806306306306306286e-01
3.813273340832395997e-01
3.808988764044943798e-01
3.815937149270482442e-01
3.811659192825112008e-01
3.807390817469205047e-01
3.803131991051454386e-01
3.798882681564245689e-01
3.794642857142856984e-01
3.790412486064659858e-01
3.786191536748329534e-01
3.781979977753058830e-01
3.788888888888888862e-01
3.784683684794672431e-01
3.780487804878048808e-01
3.776301218161683404e-01
3.772123893805309769e-01
3.767955801104972413e-01
3.774834437086092565e-01
3.770672546857772867e-01
3.766519823788546106e-01
3.762376237623762387e-01
3.758241758241758212e-01
3.754116355653128179e-01
3.760964912280701511e-01
3.767798466593647588e-01
3.763676148796498699e-01
3.759562841530054711e-01
3.755458515283842669e-01
3.751363140676117758e-01
3.747276688453158866e-01
3.754080522306855183e-01
3.750000000000000000e-01
3.756786102062975030e-01
3.752711496746203856e-01
3.748645720476706522e-01
3.755411255411255644e-01
3.762162162162162038e-01
3.758099352051835762e-01
3.764832793959007606e-01
3.760775862068965747e-01
3.756727664155005142e-01
3.752688172043010528e-01
3.748657357679914259e-01
3.755364806866952621e-01
3.751339764201500615e-01
3.747323340471092057e-01
3.754010695187166013e-01
3.760683760683760646e-01
3.767342582710779264e-01
3.773987206823027907e-01
3.769968051118210983e-01
3.765957446808510523e-01
3.761955366631243303e-01
3.757961783439490722e-01
3.753976670201484844e-01
3.750000000000000000e-01
3.746031746031746046e-01
3.752642706131077976e-01
3.759239704329461196e-01
3.755274261603375741e-01
3.761854583772392124e-01
3.757894736842105066e-01
3.764458464773922097e-01
3.771008403361344463e-01
3.767051416579223488e-01
3.763102725366876400e-01
3.769633507853403231e-01
3.765690376569037490e-01
3.761755485893417128e-01
3.757828810020876764e-01
3.764337851929092649e-01
3.770833333333333259e-01
3.766909469302809343e-01
3.762993762993763203e-01
3.759086188992731281e-01
3.765560165975103679e-01
3.772020725388601226e-01
3.768115942028985588e-01
3.774560496380558461e-01
3.780991735537190257e-01
3.777089783281733504e-01
3.773195876288659711e-01
3.769309989701338792e-01
3.765432098765432167e-01
3.761562178828365965e-01
3.757700205338809218e-01
3.753846153846153721e-01
3.750000000000000000e-01
3.746161719549641611e-01
3.742331288343558326e-01
3.748723186925433937e-01
3.744897959183673408e-01
3.741080530071355659e-01
3.737270875763747391e-01
3.743641912512716274e-01
3.739837398373983546e-01
3.736040609137055712e-01
3.732251521298174390e-01
3.738601823708206928e-01
3.734817813765182182e-01
3.731041456016178093e-01
3.727272727272727404e-01
3.723511604439959655e-01
3.719758064516128782e-01
3.716012084592145159e-01
3.712273641851106531e-01
3.708542713567838933e-01
3.704819277108433728e-01
3.701103309929789642e-01
3.697394789579158125e-01
3.703703703703703498e-01
3.699999999999999956e-01
