1.000000000000000000e+00
1.000000000000000000e+00
1.000000000000000000e+00
7.500000000000000000e-01
8.000000000000000444e-01
8.333333333333333703e-01
8.571428571428570953e-01
8.750000000000000000e-01
8.888888888888888395e-01
9.000000000000000222e-01
8.181818181818182323e-01
7.500000000000000000e-01
6.923076923076922906e-01
6.428571428571429047e-01
6.666666666666666297e-01
6.250000000000000000e-01
5.882352941176470784e-01
6.111111111111111605e-01
6.315789473684210176e-01
5.999999999999999778e-01
5.714285714285713969e-01
5.454545454545454142e-01
5.652173913043477826e-01
5.833333333333333703e-01
5.999999999999999778e-01
6.153846153846154188e-01
6.296296296296296502e-01
6.071428571428570953e-01
6.206896551724138122e-01
5.999999999999999778e-01
5.806451612903226200e-01
5.937500000000000000e-01
5.757575757575758013e-01
5.588235294117647189e-01
5.428571428571428159e-01
5.277777777777777901e-01
5.135135135135134865e-01
5.000000000000000000e-01
4.871794871794871695e-01
4.749999999999999778e-01
4.634146341463414864e-01
4.523809523809523836e-01
4.418604651162790775e-01
4.545454545454545303e-01
4.444444444444444198e-01
4.347826086956521618e-01
4.255319148936170248e-01
4.375000000000000000e-01
4.489795918367346927e-01
4.600000000000000200e-01
4.705882352941176405e-01
4.807692307692307820e-01
4.905660377358490587e-01
5.000000000000000000e-01
5.090909090909090384e-01
5.000000000000000000e-01
4.912280701754385692e-01
5.000000000000000000e-01
4.915254237288135819e-01
4.833333333333333370e-01
4.754098360655737432e-01
4.677419354838709409e-01
4.603174603174602919e-01
4.687500000000000000e-01
4.769230769230769496e-01
4.696969696969697239e-01
4.626865671641791078e-01
4.705882352941176405e-01
4.637681159420289911e-01
4.571428571428571286e-01
4.647887323943661886e-01
4.722222222222222099e-01
4.794520547945205213e-01
4.729729729729729715e-01
4.799999999999999822e-01
4.868421052631579093e-01
4.805194805194805130e-01
4.743589743589743390e-01
4.683544303797468333e-01
4.749999999999999778e-01
4.691358024691357764e-01
4.634146341463414864e-01
4.698795180722891707e-01
4.642857142857143016e-01
4.705882352941176405e-01
4.767441860465116421e-01
4.827586206896551935e-01
4.886363636363636465e-01
4.831460674157303514e-01
4.777777777777778012e-01
4.835164835164835195e-01
4.891304347826087029e-01
4.946236559139784994e-01
5.000000000000000000e-01
4.947368421052631415e-01
5.000000000000000000e-01
5.051546391752577136e-01
5.000000000000000000e-01
4.949494949494949725e-01
5.000000000000000000e-01
5.049504950495049549e-01
5.000000000000000000e-01
4.951456310679611672e-01
4.903846153846153633e-01
4.857142857142857095e-01
4.905660377358490587e-01
4.953271028037383172e-01
4.907407407407407551e-01
4.954128440366972752e-01
5.000000000000000000e-01
5.045045045045044585e-01
5.000000000000000000e-01
4.955752212389380462e-01
5.000000000000000000e-01
5.043478260869564966e-01
5.000000000000000000e-01
5.042735042735042583e-01
5.084745762711864181e-01
5.042016806722688926e-01
5.083333333333333037e-01
5.041322314049586639e-01
5.000000000000000000e-01
4.959349593495934738e-01
4.919354838709677491e-01
4.879999999999999893e-01
4.920634920634920362e-01
4.960629921259842590e-01
4.921875000000000000e-01
4.961240310077519311e-01
4.923076923076923350e-01
4.885496183206106680e-01
4.924242424242424310e-01
4.962406015037593709e-01
5.000000000000000000e-01
5.037037037037036535e-01
5.073529411764705621e-01
5.036496350364964014e-01
5.072463768115942351e-01
5.107913669064748641e-01
5.142857142857142350e-01
5.106382978723403854e-01
5.070422535211267512e-01
5.034965034965035446e-01
5.000000000000000000e-01
4.965517241379310276e-01
5.000000000000000000e-01
5.034013605442176909e-01
5.067567567567567988e-01
5.100671140939597725e-01
5.066666666666667096e-01
5.033112582781457123e-01
5.000000000000000000e-01
5.032679738562091387e-01
5.064935064935064402e-01
5.032258064516128560e-01
5.064102564102563875e-01
5.031847133757961776e-01
5.063291139240506666e-01
5.031446540880503138e-01
5.000000000000000000e-01
4.968944099378881929e-01
4.938271604938271331e-01
4.907975460122699363e-01
4.878048780487804770e-01
4.848484848484848619e-01
4.819277108433734913e-01
4.790419161676646720e-01
4.761904761904761640e-01
4.792899408284023721e-01
4.823529411764705954e-01
4.853801169590643005e-01
4.825581395348837455e-01
4.855491329479768581e-01
4.885057471264367956e-01
4.857142857142857095e-01
4.829545454545454697e-01
4.858757062146892847e-01
4.887640449438201973e-01
4.860335195530726127e-01
4.888888888888888729e-01
4.917127071823204632e-01
4.945054945054945250e-01
4.918032786885245811e-01
4.945652173913043237e-01
4.972972972972973249e-01
4.946236559139784994e-01
4.973262032085561390e-01
5.000000000000000000e-01
4.973544973544973269e-01
4.947368421052631415e-01
4.973821989528796061e-01
4.947916666666666852e-01
4.974093264248704571e-01
4.948453608247422864e-01
4.974358974358974450e-01
4.948979591836734637e-01
4.974619289340101447e-01
4.949494949494949725e-01
4.974874371859296374e-01
4.949999999999999956e-01
4.925373134328357994e-01
4.950495049504950451e-01
4.926108374384236543e-01
4.901960784313725283e-01
4.878048780487804770e-01
4.902912621359223344e-01
4.927536231884058204e-01
4.951923076923077094e-01
4.976076555023923320e-01
5.000000000000000000e-01
4.976303317535544779e-01
5.000000000000000000e-01
5.023474178403756207e-01
5.046728971962616273e-01
5.023255813953488857e-01
5.000000000000000000e-01
5.023041474654378336e-01
5.000000000000000000e-01
5.022831050228310223e-01
5.000000000000000000e-01
4.977375565610859809e-01
4.954954954954954860e-01
4.977578475336322805e-01
4.955357142857143016e-01
4.933333333333333459e-01
4.911504424778760924e-01
4.933920704845815020e-01
4.912280701754385692e-01
4.934497816593886310e-01
4.913043478260869512e-01
4.935064935064935043e-01
4.913793103448275690e-01
4.935622317596566333e-01
4.914529914529914278e-01
4.893617021276595591e-01
4.915254237288135819e-01
4.894514767932489629e-01
4.915966386554621592e-01
4.937238493723849486e-01
4.916666666666666408e-01
4.937759336099585283e-01
4.917355371900826722e-01
4.897119341563785921e-01
4.877049180327868716e-01
4.897959183673469274e-01
4.918699186991870032e-01
4.898785425101214730e-01
4.879032258064516236e-01
4.899598393574297051e-01
4.919999999999999929e-01
4.900398406374502080e-01
4.920634920634920362e-01
4.940711462450592673e-01
4.921259842519685179e-01
4.941176470588235503e-01
4.960937500000000000e-01
4.980544747081712131e-01
5.000000000000000000e-01
4.980694980694980734e-01
5.000000000000000000e-01
4.980842911877394474e-01
4.961832061068702227e-01
4.980988593155893374e-01
5.000000000000000000e-01
5.018867924528301883e-01
5.000000000000000000e-01
4.981273408239700329e-01
5.000000000000000000e-01
5.018587360594795044e-01
5.037037037037036535e-01
5.055350553505535416e-01
5.073529411764705621e-01
5.091575091575091250e-01
5.109489051094890932e-01
5.090909090909090384e-01
5.072463768115942351e-01
5.090252707581227609e-01
5.107913669064748641e-01
5.125448028673834644e-01
5.107142857142856762e-01
5.124555160142348909e-01
5.106382978723403854e-01
5.123674911660777154e-01
5.105633802816901268e-01
5.122807017543860031e-01
5.104895104895105229e-01
5.121951219512195230e-01
5.138888888888888395e-01
5.121107266435985794e-01
5.137931034482758896e-01
5.120274914089346652e-01
5.136986301369863561e-01
5.153583617747440337e-01
5.136054421768707634e-01
5.118644067796610519e-01
5.101351351351350871e-01
5.117845117845117864e-01
5.134228187919462894e-01
5.150501672240802575e-01
5.133333333333333082e-01
5.149501661129568530e-01
5.132450331125827381e-01
5.115511551155115244e-01
5.098684210526315264e-01
5.114754098360655421e-01
5.130718954248365549e-01
5.114006514657980507e-01
5.097402597402597157e-01
5.080906148867313510e-01
5.096774193548386789e-01
5.080385852090032461e-01
5.096153846153845812e-01
5.111821086261980618e-01
5.095541401273885329e-01
5.111111111111110716e-01
5.126582278481012223e-01
5.141955835962145338e-01
5.125786163522012551e-01
5.141065830721003316e-01
5.124999999999999556e-01
5.140186915887849928e-01
5.155279503105589800e-01
5.170278637770897578e-01
5.154320987654320563e-01
5.138461538461538414e-01
5.153374233128834581e-01
5.137614678899082854e-01
5.121951219512195230e-01
5.106382978723403854e-01
5.121212121212120882e-01
5.105740181268881850e-01
5.120481927710843761e-01
5.105105105105105512e-01
5.119760479041916001e-01
5.104477611940299031e-01
5.119047619047618625e-01
5.133531157270029288e-01
5.147928994082839882e-01
5.132743362831858613e-01
5.117647058823528994e-01
5.102639296187683193e-01
5.087719298245614308e-01
5.072886297376093534e-01
5.058139534883721034e-01
5.072463768115942351e-01
5.057803468208093012e-01
5.043227665706051521e-01
5.028735632183908288e-01
5.014326647564469885e-01
5.028571428571428914e-01
5.042735042735042583e-01
5.028409090909090606e-01
5.014164305949008194e-01
5.000000000000000000e-01
5.014084507042253502e-01
5.028089887640448952e-01
5.014005602240896309e-01
5.027932960893854997e-01
5.013927576601671099e-01
5.027777777777777679e-01
5.013850415512465242e-01
5.000000000000000000e-01
4.986225895316804269e-01
5.000000000000000000e-01
4.986301369863013755e-01
4.972677595628415270e-01
4.959128065395095319e-01
4.945652173913043237e-01
4.959349593495934738e-01
4.945945945945945943e-01
4.932614555256064626e-01
4.946236559139784994e-01
4.932975871313672878e-01
4.946524064171122781e-01
4.933333333333333459e-01
4.946808510638298073e-01
4.933687002652519804e-01
4.920634920634920362e-01
4.907651715039577645e-01
4.894736842105263386e-01
4.881889763779527769e-01
4.869109947643979197e-01
4.856396866840730908e-01
4.843750000000000000e-01
4.831168831168831113e-01
4.818652849740932553e-01
4.832041343669250533e-01
4.819587628865979467e-01
4.807197943444729837e-01
4.794871794871795045e-01
4.782608695652174058e-01
4.795918367346938549e-01
4.809160305343511688e-01
4.796954314720812129e-01
4.784810126582278444e-01
4.772727272727272929e-01
4.785894206549118346e-01
4.773869346733668473e-01
4.761904761904761640e-01
4.774999999999999800e-01
4.763092269326683059e-01
4.751243781094527385e-01
4.764267990074441683e-01
4.752475247524752255e-01
4.765432098765431945e-01
4.753694581280787923e-01
4.766584766584766597e-01
4.754901960784313486e-01
4.767726161369192917e-01
4.756097560975609539e-01
4.768856447688564204e-01
4.757281553398058360e-01
4.769975786924939287e-01
4.782608695652174058e-01
4.771084337349397742e-01
4.759615384615384359e-01
4.748201438848920763e-01
4.736842105263157632e-01
4.725536992840095318e-01
4.714285714285714191e-01
4.703087885985748340e-01
4.691943127962085458e-01
4.680851063829787329e-01
4.669811320754717054e-01
4.682352941176470829e-01
4.694835680751173745e-01
4.707259953161592736e-01
4.696261682242990898e-01
4.685314685314685423e-01
4.674418604651162656e-01
4.663573085846867694e-01
4.675925925925926152e-01
4.665127020785219125e-01
4.654377880184331628e-01
4.666666666666666741e-01
4.655963302752293420e-01
4.645308924485125890e-01
4.634703196347031984e-01
4.624145785876992987e-01
4.636363636363636243e-01
4.648526077097505649e-01
4.660633484162896023e-01
4.650112866817155965e-01
4.639639639639639435e-01
4.629213483146067398e-01
4.618834080717488799e-01
4.608501118568232857e-01
4.598214285714285476e-01
4.587973273942093644e-01
4.577777777777777835e-01
4.567627494456762971e-01
4.557522123893805177e-01
4.569536423841059625e-01
4.559471365638766427e-01
4.549450549450549386e-01
4.539473684210526550e-01
4.551422319474835998e-01
4.563318777292576511e-01
4.553376906318082895e-01
4.543478260869565077e-01
4.555314533622559781e-01
4.545454545454545303e-01
4.535637149028077797e-01
4.525862068965517127e-01
4.516129032258064391e-01
4.506437768240343367e-01
4.496788008565310579e-01
4.487179487179487336e-01
4.498933901918976686e-01
4.510638297872340274e-01
4.501061571125265504e-01
4.512711864406779849e-01
4.524312896405919826e-01
4.514767932489451296e-01
4.526315789473684403e-01
4.537815126050420145e-01
4.528301886792452935e-01
4.518828451882845321e-01
4.509394572025052228e-01
4.500000000000000111e-01
4.490644490644490894e-01
4.502074688796680602e-01
4.492753623188405765e-01
4.504132231404958664e-01
4.494845360824742397e-01
4.485596707818930162e-01
4.476386036960985360e-01
4.467213114754098324e-01
4.458077709611452111e-01
4.448979591836734748e-01
4.439918533604887974e-01
4.451219512195122019e-01
4.462474645030425902e-01
4.453441295546558543e-01
4.444444444444444198e-01
4.435483870967741882e-01
4.426559356136821055e-01
4.417670682730923670e-01
4.408817635270541047e-01
4.400000000000000022e-01
4.391217564870259493e-01
4.382470119521912344e-01
4.373757455268389438e-01
4.365079365079365115e-01
4.356435643564356419e-01
4.367588932806323876e-01
4.358974358974359031e-01
4.370078740157480324e-01
4.361493123772102187e-01
4.372549019607843146e-01
4.383561643835616195e-01
4.394531250000000000e-01
4.405458089668615740e-01
4.396887159533073852e-01
4.407766990291261955e-01
4.399224806201550431e-01
4.390715667311411718e-01
4.382239382239382364e-01
4.373795761078997923e-01
4.384615384615384581e-01
4.376199616122840585e-01
4.367816091954023205e-01
4.378585086042064978e-01
4.389312977099236734e-01
4.400000000000000022e-01
4.391634980988592951e-01
4.383301707779886369e-01
4.375000000000000000e-01
4.385633270321361299e-01
4.377358490566037874e-01
4.387947269303201780e-01
4.379699248120300648e-01
4.371482176360225180e-01
4.363295880149812844e-01
4.355140186915887890e-01
4.365671641791044610e-01
4.376163873370577106e-01
4.386617100371747457e-01
4.378478664192950176e-01
4.388888888888888840e-01
4.399260628465804235e-01
4.391143911439114311e-01
4.401473296500920673e-01
4.393382352941176405e-01
4.403669724770642446e-01
4.413919413919413781e-01
4.424131627056672733e-01
4.416058394160584100e-01
4.426229508196721230e-01
4.436363636363636620e-01
4.428312159709618667e-01
4.420289855072463969e-01
4.412296564195298254e-01
4.422382671480144523e-01
4.414414414414414289e-01
4.406474820143884696e-01
4.398563734290844018e-01
4.390681003584229192e-01
4.400715563506261141e-01
4.392857142857142794e-01
4.402852049910873644e-01
4.395017793594305777e-01
4.387211367673179430e-01
4.397163120567376127e-01
4.407079646017699193e-01
4.399293286219081445e-01
4.391534391534391291e-01
4.383802816901408717e-01
4.376098418277680202e-01
4.385964912280701511e-01
4.378283712784588610e-01
4.370629370629370847e-01
4.363001745200698056e-01
4.372822299651568101e-01
4.382608695652173703e-01
4.375000000000000000e-01
4.367417677642980722e-01
4.359861591695501915e-01
4.352331606217616500e-01
4.344827586206896353e-01
4.354561101549053181e-01
4.347079037800687384e-01
4.339622641509434109e-01
4.332191780821917915e-01
4.341880341880341998e-01
4.334470989761092241e-01
4.344122657580919977e-01
4.336734693877550839e-01
4.329371816638369896e-01
4.338983050847457501e-01
4.331641285956006615e-01
4.341216216216216006e-01
4.350758853288363981e-01
4.343434343434343647e-01
4.352941176470588314e-01
4.345637583892617561e-01
4.338358458961473763e-01
4.331103678929765777e-01
4.323873121869782898e-01
4.316666666666666430e-01
4.309484193011647313e-01
4.318936877076411940e-01
4.311774461028192174e-01
4.321192052980132314e-01
4.314049586776859679e-01
4.306930693069306870e-01
4.299835255354200747e-01
4.309210526315789269e-01
4.302134646962232911e-01
4.295081967213114638e-01
4.288052373158756092e-01
4.281045751633986707e-01
4.290375203915171021e-01
4.283387622149837370e-01
4.276422764227642004e-01
4.269480519480519654e-01
4.262560777957860592e-01
4.255663430420711935e-01
4.248788368336025578e-01
4.258064516129032029e-01
4.251207729468599039e-01
4.244372990353697528e-01
4.237560192616372512e-01
4.230769230769230727e-01
4.223999999999999977e-01
4.217252396166134010e-01
4.210526315789473450e-01
4.203821656050955591e-01
4.197138314785373581e-01
4.190476190476190577e-01
4.183835182250396079e-01
4.177215189873417778e-01
4.186413902053712222e-01
4.179810725552050577e-01
4.173228346456692717e-01
4.166666666666666852e-01
4.160125588697017318e-01
4.169278996865203868e-01
4.162754303599374150e-01
4.156250000000000222e-01
4.149765990639625590e-01
4.143302180685358160e-01
4.136858475894245601e-01
4.130434782608695676e-01
4.124031007751938205e-01
4.117647058823529216e-01
4.111282843894899508e-01
4.104938271604938183e-01
4.114021571648690534e-01
4.107692307692307754e-01
4.101382488479262678e-01
4.095092024539877529e-01
4.088820826952526688e-01
4.082568807339449490e-01
4.076335877862595214e-01
4.070121951219511924e-01
4.079147640791476181e-01
4.072948328267477214e-01
4.081942336874051502e-01
4.075757575757575912e-01
4.069591527987896917e-01
4.078549848942598088e-01
4.072398190045248834e-01
4.066265060240963902e-01
4.060150375939849399e-01
4.069069069069068956e-01
4.062968515742129139e-01
4.071856287425149601e-01
4.080717488789237790e-01
4.074626865671641673e-01
4.068554396423249009e-01
4.077380952380952328e-01
4.071322436849925674e-01
4.080118694362017684e-01
4.074074074074073848e-01
4.068047337278106745e-01
4.062038404726735497e-01
4.056047197640118007e-01
4.050073637702503726e-01
4.044117647058823595e-01
4.038179148311306643e-01
4.032258064516128782e-01
4.026354319180087682e-01
4.020467836257309857e-01
4.029197080291970767e-01
4.023323615160349642e-01
4.017467248908296873e-01
4.026162790697674354e-01
4.034833091436865193e-01
4.028985507246377051e-01
