0.000000000000000000e+00
5.000000000000000000e-01
6.666666666666666297e-01
5.000000000000000000e-01
5.999999999999999778e-01
5.000000000000000000e-01
5.714285714285713969e-01
6.250000000000000000e-01
6.666666666666666297e-01
5.999999999999999778e-01
6.363636363636363535e-01
5.833333333333333703e-01
6.153846153846154188e-01
5.714285714285713969e-01
5.999999999999999778e-01
5.625000000000000000e-01
5.882352941176470784e-01
5.555555555555555802e-01
5.789473684210526550e-01
5.500000000000000444e-01
5.714285714285713969e-01
5.454545454545454142e-01
5.652173913043477826e-01
5.833333333333333703e-01
5.999999999999999778e-01
5.769230769230768718e-01
5.925925925925925597e-01
6.071428571428570953e-01
6.206896551724138122e-01
5.999999999999999778e-01
6.129032258064516236e-01
5.937500000000000000e-01
6.060606060606060774e-01
5.882352941176470784e-01
5.999999999999999778e-01
5.833333333333333703e-01
5.945945945945946276e-01
5.789473684210526550e-01
5.897435897435897578e-01
5.749999999999999556e-01
5.853658536585365502e-01
5.714285714285713969e-01
5.813953488372093359e-01
5.681818181818182323e-01
5.777777777777777235e-01
5.869565217391304879e-01
5.957446808510638014e-01
5.833333333333333703e-01
5.918367346938775420e-01
5.799999999999999600e-01
5.882352941176470784e-01
5.769230769230768718e-01
5.849056603773584717e-01
5.740740740740740700e-01
5.818181818181817899e-01
5.714285714285713969e-01
5.789473684210526550e-01
5.689655172413793371e-01
5.762711864406779849e-01
5.666666666666666519e-01
5.737704918032786594e-01
5.645161290322581182e-01
5.714285714285713969e-01
5.625000000000000000e-01
5.692307692307692069e-01
5.606060606060605522e-01
5.671641791044775838e-01
5.588235294117647189e-01
5.652173913043477826e-01
5.571428571428571619e-01
5.633802816901408717e-01
5.555555555555555802e-01
5.616438356164383805e-01
5.540540540540540571e-01
5.600000000000000533e-01
5.526315789473684736e-01
5.584415584415584055e-01
5.512820512820513219e-01
5.569620253164556667e-01
5.500000000000000444e-01
5.555555555555555802e-01
5.487804878048780921e-01
5.542168674698795261e-01
5.476190476190476719e-01
5.529411764705882693e-01
5.465116279069767158e-01
5.517241379310344751e-01
5.454545454545454142e-01
5.505617977528090012e-01
5.444444444444443976e-01
5.494505494505494969e-01
5.434782608695651884e-01
5.483870967741935054e-01
5.425531914893616525e-01
5.473684210526316152e-01
5.416666666666666297e-01
5.463917525773195338e-01
5.510204081632652517e-01
5.454545454545454142e-01
5.500000000000000444e-01
5.445544554455445940e-01
5.490196078431373028e-01
5.533980582524271608e-01
5.576923076923077094e-01
5.523809523809524169e-01
5.566037735849056478e-01
5.514018691588784549e-01
5.555555555555555802e-01
5.504587155963303058e-01
5.545454545454545636e-01
5.495495495495495986e-01
5.535714285714286031e-01
5.486725663716813806e-01
5.526315789473684736e-01
5.478260869565216851e-01
5.517241379310344751e-01
5.470085470085470636e-01
5.508474576271186196e-01
5.462184873949579300e-01
5.500000000000000444e-01
5.454545454545454142e-01
5.491803278688525136e-01
5.447154471544715104e-01
5.483870967741935054e-01
5.440000000000000391e-01
5.476190476190476719e-01
5.433070866141732624e-01
5.468750000000000000e-01
5.426356589147286469e-01
5.461538461538461009e-01
5.419847328244274953e-01
5.454545454545454142e-01
5.413533834586465865e-01
5.447761194029850929e-01
5.407407407407407440e-01
5.441176470588234837e-01
5.401459854014598605e-01
5.434782608695651884e-01
5.395683453237409832e-01
5.428571428571428159e-01
5.390070921985815611e-01
5.422535211267606181e-01
5.384615384615384359e-01
5.416666666666666297e-01
5.379310344827585855e-01
5.410958904109589573e-01
5.374149659863945994e-01
5.405405405405405705e-01
5.369127516778523512e-01
5.400000000000000355e-01
5.364238410596026130e-01
5.394736842105263275e-01
5.359477124183006369e-01
5.389610389610389740e-01
5.354838709677419706e-01
5.384615384615384359e-01
5.350318471337579540e-01
5.379746835443037778e-01
5.345911949685534514e-01
5.374999999999999778e-01
5.341614906832298226e-01
5.370370370370370905e-01
5.337423312883435855e-01
5.365853658536585691e-01
5.333333333333333259e-01
5.361445783132530174e-01
5.329341317365269282e-01
5.357142857142856984e-01
5.325443786982249073e-01
5.352941176470588092e-01
5.321637426900585055e-01
5.348837209302325091e-01
5.317919075144508234e-01
5.344827586206896131e-01
5.314285714285714723e-01
5.340909090909090606e-01
5.310734463276836070e-01
5.337078651685392972e-01
5.307262569832402743e-01
5.333333333333333259e-01
5.303867403314916906e-01
5.329670329670329609e-01
5.300546448087432028e-01
5.326086956521739468e-01
5.297297297297297591e-01
5.322580645161290036e-01
5.294117647058823595e-01
5.319148936170212671e-01
5.291005291005290712e-01
5.315789473684210398e-01
5.287958115183245544e-01
5.312500000000000000e-01
5.284974093264248607e-01
5.309278350515463929e-01
5.282051282051282159e-01
5.306122448979592177e-01
5.279187817258883531e-01
5.303030303030302761e-01
5.276381909547738225e-01
5.300000000000000266e-01
5.273631840796020320e-01
5.297029702970297294e-01
5.270935960591133229e-01
5.294117647058823595e-01
5.268292682926829507e-01
5.291262135922329968e-01
5.265700483091787509e-01
5.288461538461538547e-01
5.263157894736841813e-01
5.285714285714285809e-01
5.260663507109004655e-01
5.283018867924528239e-01
5.258215962441314950e-01
5.280373831775700966e-01
5.255813953488371881e-01
5.277777777777777901e-01
5.253456221198156140e-01
5.275229357798164598e-01
5.251141552511415789e-01
5.272727272727272263e-01
5.248868778280543212e-01
5.270270270270269730e-01
5.246636771300448032e-01
5.267857142857143016e-01
5.244444444444444908e-01
5.265486725663717227e-01
5.242290748898678077e-01
5.263157894736841813e-01
5.240174672489082974e-01
5.260869565217390909e-01
5.238095238095238360e-01
5.258620689655172376e-01
5.236051502145923076e-01
5.256410256410256610e-01
5.234042553191489144e-01
5.254237288135593653e-01
5.232067510548523703e-01
5.252100840336134668e-01
5.230125523012552069e-01
5.250000000000000222e-01
5.228215767634855071e-01
5.247933884297520946e-01
5.226337448559670307e-01
5.245901639344262568e-01
5.224489795918367818e-01
5.243902439024390461e-01
5.222672064777328371e-01
5.241935483870967527e-01
5.220883534136546711e-01
5.240000000000000213e-01
5.219123505976095423e-01
5.238095238095238360e-01
5.217391304347825942e-01
5.236220472440944462e-01
5.254901960784313930e-01
5.273437500000000000e-01
5.291828793774319140e-01
5.310077519379845512e-01
5.328185328185328640e-01
5.346153846153846034e-01
5.363984674329501656e-01
5.381679389312976625e-01
5.399239543726235269e-01
5.416666666666666297e-01
5.433962264150943300e-01
5.451127819548872155e-01
5.468164794007490670e-01
5.485074626865671377e-01
5.501858736059479504e-01
5.518518518518518157e-01
5.535055350553506059e-01
5.551470588235294379e-01
5.567765567765567969e-01
5.583941605839416455e-01
5.600000000000000533e-01
5.615942028985507761e-01
5.631768953068592154e-01
5.647482014388489624e-01
5.663082437275985814e-01
5.678571428571428381e-01
5.693950177935943602e-01
5.709219858156028282e-01
5.724381625441695709e-01
5.739436619718309984e-01
5.754385964912280826e-01
5.769230769230768718e-01
5.783972125435540290e-01
5.798611111111111605e-01
5.813148788927335886e-01
5.827586206896552268e-01
5.841924398625429893e-01
5.856164383561643927e-01
5.870307167235494505e-01
5.884353741496598511e-01
5.898305084745762983e-01
5.912162162162162282e-01
5.925925925925925597e-01
5.939597315436241365e-01
5.953177257525084087e-01
5.966666666666666785e-01
5.980066445182724566e-01
5.993377483443708131e-01
6.006600660066007125e-01
6.019736842105263275e-01
6.032786885245902120e-01
6.045751633986927720e-01
6.058631921824104705e-01
6.071428571428570953e-01
6.084142394822006361e-01
6.096774193548386567e-01
6.109324758842443748e-01
6.121794871794872250e-01
6.134185303514376741e-01
6.146496815286623949e-01
6.158730158730159054e-01
6.170886075949366667e-01
6.182965299684543004e-01
6.194968553459119232e-01
6.206896551724138122e-01
6.218749999999999556e-01
6.230529595015575905e-01
6.242236024844720621e-01
6.253869969040247723e-01
6.265432098765432167e-01
6.276923076923076605e-01
6.288343558282208923e-01
6.299694189602446093e-01
6.310975609756097615e-01
6.322188449848024083e-01
6.333333333333333037e-01
6.344410876132930976e-01
6.355421686746988152e-01
6.366366366366366103e-01
6.377245508982035682e-01
6.388059701492537767e-01
6.398809523809523281e-01
6.409495548961424705e-01
6.420118343195265753e-01
6.430678466076695798e-01
6.441176470588235725e-01
6.451612903225806273e-01
6.461988304093567725e-01
6.472303206997084279e-01
6.482558139534884134e-01
6.492753623188405321e-01
6.502890173410404984e-01
6.512968299711815456e-01
6.522988505747125965e-01
6.532951289398281070e-01
6.542857142857142483e-01
6.552706552706553111e-01
