[1.0, 0.12526315789473683, 0.4092857142857143]
[0.0, 0.1341353383458647, 0.25]
[0.0, 0.2380451127819549, 0.0625]
[0.0, 0.11909774436090229, 0.4107142857142857]
[1.0, 0.09654135338345869, 0.29178571428571426]
[0.0, 0.03127819548872181, 0.02089285714285714]
[1.0, 0.05518796992481206, 0.23214285714285715]
[0.0, 0.6754887218045112, 0.15928571428571428]
[1.0, 0.21172932330827063, 0.03571428571428571]
[0.0, 0.6315789473684209, 0.25285714285714284]
[1.0, 0.2969924812030076, 0.0625]
[1.0, 0.41609022556390973, 0.17857142857142855]
[1.0, 0.10406015037593988, 0.04464285714285714]
[1.0, 0.3183458646616541, 0.17857142857142855]
[1.0, 0.6741353383458646, 0.09678571428571427]
[1.0, 0.5162406015037594, 0.2157142857142857]
[1.0, 0.2380451127819549, 0.16071428571428573]
[0.0, 0.07774436090225566, 0.32142857142857145]
[1.0, 0.09398496240601505, 0.04464285714285714]
[0.0, 0.1303759398496241, 0.20232142857142857]
[0.0, 0.21684210526315792, 0.02089285714285714]
[0.0, 0.08150375939849627, 0.02089285714285714]
[1.0, 0.4123308270676692, 0.047678571428571424]
[1.0, 0.41849624060150376, 0.0625]
[1.0, 0.08646616541353384, 0.3423214285714286]
[1.0, 0.2857142857142857, 0.05357142857142857]
[1.0, 0.13157894736842105, 0.004464285714285713]
[1.0, 0.29203007518797, 0.10857142857142855]
[0.0, 0.254436090225564, 0.4285714285714285]
[1.0, 0.14030075187969923, 0.08928571428571427]
[1.0, 0.19924812030075184, 0.026785714285714284]
[0.0, 0.10030075187969928, 0.375]
[1.0, 0.5801503759398496, 0.049107142857142856]
[1.0, 0.14030075187969923, 0.4107142857142857]
[1.0, 0.43729323308270673, 0.04464285714285714]
[1.0, 0.9184962406015038, 0.6785714285714286]
[1.0, 0.16917293233082703, 0.44642857142857145]
[1.0, 0.3884210526315789, 0.4969642857142857]
[0.0, 0.5112781954887218, 0.2857142857142857]
[0.0, 0.5063157894736843, 0.10714285714285712]
[1.0, 0.1416541353383459, 0.0]
[1.0, 0.13278195488721803, 0.05357142857142857]
[1.0, 0.19548872180451127, 0.04017857142857143]
[1.0, 0.7455639097744362, 0.019285714285714288]
[1.0, 0.15037593984962405, 0.01482142857142857]
[0.0, 0.10526315789473684, 0.3660714285714285]
[0.0, 0.16165413533834583, 0.0625]
[1.0, 0.03639097744360905, 0.0014285714285714284]
[0.0, 0.23684210526315788, 0.07142857142857142]
[0.0, 0.5876691729323308, 0.5357142857142857]
[1.0, 0.2793984962406015, 0.125]
[1.0, 0.1102255639097744, 0.14732142857142855]
[1.0, 0.21684210526315792, 0.004464285714285713]
[1.0, 0.07894736842105263, 0.0625]
[1.0, 0.20796992481203003, 0.11607142857142856]
[1.0, 0.21172932330827063, 0.05357142857142857]
[1.0, 0.3947368421052632, 0.23214285714285715]
[0.0, 0.3545864661654135, 0.08928571428571427]
[1.0, 0.4323308270676692, 0.17553571428571427]
[1.0, 0.6466165413533833, 0.4375]
[1.0, 0.442406015037594, 0.17857142857142855]
[0.0, 0.15037593984962405, 0.025357142857142852]
[1.0, 0.07142857142857142, 0.07142857142857142]
[0.0, 0.4072180451127819, 0.125]
[0.0, 0.16165413533834583, 0.017857142857142856]
[1.0, 0.424812030075188, 0.3496428571428571]
[0.0, 0.08646616541353384, 0.005892857142857143]
[1.0, 0.11654135338345864, 0.4107142857142857]
[1.0, 0.2631578947368421, 0.10125]
[1.0, 0.20300751879699247, 0.056607142857142856]
[1.0, 0.5263157894736842, 0.9405357142857144]
[0.0, 0.25067669172932333, 0.049107142857142856]
[1.0, 0.23563909774436087, 0.04464285714285714]
[1.0, 0.21804511278195488, 0.18]
[1.0, 0.3984962406015037, 0.7678571428571429]
[1.0, 0.34210526315789475, 0.15178571428571427]
[1.0, 0.17789473684210524, 0.011964285714285715]
[1.0, 0.24180451127819544, 0.125]
[1.0, 0.14030075187969923, 0.0]
[0.0, 0.2769924812030076, 0.05214285714285714]
[1.0, 0.1717293233082707, 0.125]
[0.0, 0.3221052631578948, 0.13392857142857142]
[0.0, 0.07263157894736838, 0.35714285714285715]
[1.0, 0.3935338345864662, 0.17857142857142855]
[1.0, 0.14541353383458647, 0.03571428571428571]
[1.0, 0.35834586466165413, 0.0]
[0.0, 0.16541353383458643, 0.48803571428571424]
[0.0, 0.5, 0.4642857142857143]
[1.0, 0.3070676691729324, 0.1875]
[1.0, 0.1266165413533835, 0.02089285714285714]
[1.0, 0.21052631578947367, 0.046071428571428576]
[1.0, 0.43609022556390975, 0.14589285714285713]
[1.0, 0.22436090225563912, 0.5178571428571429]
[1.0, 0.33834586466165406, 0.17857142857142855]
[0.0, 0.06646616541353385, 0.35714285714285715]
[1.0, 0.11278195488721804, 0.05357142857142857]
[0.0, 0.3784962406015038, 0.05946428571428571]
[1.0, 0.2718796992481203, 0.0014285714285714284]
[0.0, 0.05383458646616538, 0.3392857142857143]
[0.0, 0.10030075187969928, 0.029821428571428568]
[0.0, 0.38090225563909774, 0.14285714285714285]
[1.0, 0.3747368421052632, 0.007499999999999998]
[1.0, 0.20932330827067672, 0.4910714285714285]
[1.0, 0.21052631578947367, 0.02089285714285714]
[1.0, 0.07894736842105263, 0.0]
[0.0, 0.16917293233082703, 0.03125]
[1.0, 0.20932330827067672, 0.07142857142857142]
[1.0, 0.12781954887218044, 0.32142857142857145]
[0.0, 0.5425563909774436, 0.48517857142857146]
[1.0, 0.2793984962406015, 0.08928571428571427]
[1.0, 0.36842105263157887, 0.3616071428571429]
[1.0, 0.5049624060150376, 0.23214285714285715]
[1.0, 0.21172932330827063, 0.14285714285714285]
[0.0, 0.33082706766917286, 0.03267857142857143]
[1.0, 0.29819548872180446, 0.008928571428571426]
[1.0, 0.30571428571428566, 0.0028571428571428567]
[0.0, 0.10526315789473684, 0.36910714285714286]
[1.0, 0.29203007518797, 0.03571428571428571]
[1.0, 0.13533834586466165, 0.3928571428571429]
[1.0, 0.5263157894736842, 0.30357142857142855]
[1.0, 0.4034586466165413, 0.17857142857142855]
[1.0, 0.10406015037593988, 0.029821428571428568]
[0.0, 0.3759398496240601, 0.05357142857142857]
[0.0, 0.6515789473684209, 0.6964285714285714]
[0.0, 0.2631578947368421, 0.13392857142857142]
[1.0, 0.12406015037593984, 0.02821428571428572]
[0.0, 0.6703759398496241, 0.35714285714285715]
[1.0, 0.22812030075187967, 0.013392857142857142]
[0.0, 0.4849624060150376, 0.14285714285714285]
[1.0, 0.10902255639097744, 0.10714285714285712]
[0.0, 0.16541353383458643, 0.44642857142857145]
[0.0, 0.1064661654135338, 0.017857142857142856]
[1.0, 0.16285714285714284, 0.4821428571428572]
[0.0, 0.19172932330827064, 0.09678571428571427]
[1.0, 0.4085714285714286, 0.029821428571428568]
[0.0, 0.3696240601503759, 0.1576785714285714]
[1.0, 0.0876691729323308, 0.02089285714285714]
[1.0, 0.3834586466165413, 0.3392857142857143]
[1.0, 0.1804511278195489, 0.017857142857142856, 2.0, 8.0, 4.0]
[0.0, 0.4861654135338346, 0.10714285714285712, 2.0, 8.0, 4.0]
[1.0, 0.08902255639097748, 0.35714285714285715, 1.0, 4.0, 8.0]
[0.0, 0.12781954887218044, 0.04464285714285714, 1.0, 1.0, 1.0]
[1.0, 0.076390977443609, 0.1264285714285714, 1.0, 1.0, 1.0]
[1.0, 0.7568421052631578, 0.7142857142857143, 2.0, 14.0, 8.0]
[0.0, 0.04135338345864661, 0.04464285714285714, 2.0, 11.0, 4.0]
[0.0, 0.8258646616541354, 0.5357142857142857, 2.0, 10.0, 9.0]
[1.0, 0.9473684210526316, 0.7960714285714284, 2.0, 10.0, 9.0]
[0.0, 0.03263157894736842, 0.10267857142857142, 2.0, 11.0, 4.0]
[1.0, 0.3169924812030075, 0.14285714285714285, 2.0, 2.0, 5.0]
[0.0, 0.5063157894736843, 0.2857142857142857, 2.0, 10.0, 5.0]
[1.0, 0.1416541353383459, 0.0, 2.0, 8.0, 4.0]
[1.0, 0.4724812030075188, 0.05357142857142857, 2.0, 8.0, 4.0]
[1.0, 0.02135338345864661, 0.25, 2.0, 10.0, 4.0]
[1.0, 0.076390977443609, 0.01482142857142857, 1.0, 8.0, 4.0]
[1.0, 0.5827067669172933, 0.23214285714285715, 2.0, 4.0, 4.0]
[1.0, 0.08150375939849627, 0.0, 1.0, 7.0, 5.0]
[1.0, 0.06390977443609022, 0.005892857142857143, 2.0, 11.0, 7.0]
[1.0, 0.35714285714285715, 0.029821428571428568, 2.0, 10.0, 4.0]
[1.0, 0.1341353383458647, 0.056607142857142856, 1.0, 9.0, 4.0]
[1.0, 0.5124812030075188, 0.14875, 2.0, 14.0, 5.0]
[1.0, 0.30571428571428566, 0.08928571428571427, 2.0, 8.0, 4.0]
[0.0, 0.29067669172932326, 0.05803571428571429, 2.0, 2.0, 4.0]
[1.0, 0.44105263157894736, 0.013392857142857142, 1.0, 8.0, 4.0]
[1.0, 0.31203007518796994, 0.14428571428571427, 1.0, 3.0, 5.0]
[1.0, 0.43609022556390975, 0.10714285714285712, 2.0, 3.0, 5.0]
[1.0, 0.06766917293233081, 0.005892857142857143, 2.0, 2.0, 4.0]
[1.0, 0.14030075187969923, 0.08928571428571427, 2.0, 1.0, 1.0]
[0.0, 0.13157894736842105, 0.30214285714285716, 1.0, 14.0, 4.0]
[1.0, 0.06270676691729325, 0.00732142857142857, 2.0, 6.0, 4.0]
[1.0, 0.07022556390977444, 0.3719642857142857, 1.0, 6.0, 4.0]
[0.0, 0.20932330827067672, 0.05357142857142857, 2.0, 7.0, 4.0]
[0.0, 0.07774436090225566, 0.33035714285714285, 1.0, 8.0, 4.0]
[1.0, 0.1341353383458647, 0.026785714285714284, 2.0, 3.0, 4.0]
[1.0, 0.7330827067669172, 0.4553571428571429, 1.0, 8.0, 8.0]
[0.0, 0.14661654135338345, 0.32142857142857145, 2.0, 11.0, 4.0]
[1.0, 0.32330827067669166, 0.11303571428571428, 2.0, 14.0, 8.0]
[0.0, 0.6478195488721804, 0.15178571428571427, 1.0, 1.0, 1.0]
[0.0, 0.595187969924812, 0.005892857142857143, 2.0, 1.0, 1.0]
[1.0, 0.4123308270676692, 0.14428571428571427, 2.0, 13.0, 8.0]
[1.0, 0.4273684210526316, 0.18, 2.0, 11.0, 8.0]
[1.0, 0.4123308270676692, 0.04464285714285714, 1.0, 9.0, 4.0]
[0.0, 0.3007518796992481, 0.026785714285714284, 2.0, 4.0, 5.0]
[1.0, 0.1792481203007519, 0.44642857142857145, 2.0, 13.0, 4.0]
[1.0, 0.15909774436090224, 0.23660714285714285, 1.0, 2.0, 4.0]
[1.0, 0.14406015037593983, 0.41517857142857145, 1.0, 9.0, 4.0]
[1.0, 0.254436090225564, 0.08928571428571427, 2.0, 13.0, 8.0]
[1.0, 0.3521804511278196, 0.14285714285714285, 2.0, 8.0, 5.0]
[1.0, 0.1879699248120301, 0.055, 2.0, 9.0, 4.0]
[0.0, 0.24060150375939848, 0.02375, 2.0, 9.0, 4.0]
[0.0, 0.13909774436090225, 0.06553571428571428, 2.0, 5.0, 3.0]
[1.0, 0.05263157894736842, 0.10714285714285712, 2.0, 4.0, 4.0]
[1.0, 0.23308270676691728, 0.5282142857142856, 2.0, 6.0, 4.0]
[0.0, 0.22300751879699243, 0.1264285714285714, 2.0, 3.0, 5.0]
[1.0, 0.31323308270676686, 0.0, 2.0, 8.0, 4.0]
[1.0, 0.14541353383458647, 0.02089285714285714, 2.0, 8.0, 8.0]
[1.0, 0.16917293233082703, 0.4017857142857143, 2.0, 8.0, 4.0]
[0.0, 0.07518796992481201, 0.26785714285714285, 2.0, 11.0, 4.0]
[1.0, 0.05007518796992479, 0.008928571428571426, 2.0, 11.0, 4.0]
[0.0, 0.03503759398496238, 0.011964285714285715, 2.0, 1.0, 1.0]
[1.0, 0.28827067669172934, 0.08928571428571427, 2.0, 6.0, 4.0]
[0.0, 0.0989473684210526, 0.35714285714285715, 2.0, 8.0, 8.0]
[0.0, 0.12030075187969924, 0.0625, 1.0, 5.0, 3.0]
[1.0, 0.29203007518797, 0.03714285714285714, 2.0, 12.0, 8.0]
[0.0, 0.17413533834586464, 0.07446428571428573, 2.0, 8.0, 8.0]
[0.0, 0.16541353383458643, 0.10714285714285712, 2.0, 11.0, 8.0]
[1.0, 0.25684210526315787, 0.0, 2.0, 9.0, 4.0]
[1.0, 0.10526315789473684, 0.18160714285714283, 1.0, 5.0, 4.0]
[0.0, 0.3996992481203007, 0.29017857142857145, 1.0, 4.0, 4.0]
[1.0, 0.23563909774436087, 0.04464285714285714, 2.0, 8.0, 8.0]
[1.0, 0.4085714285714286, 0.017857142857142856, 1.0, 7.0, 4.0]
[0.0, 0.23684210526315788, 0.016428571428571428, 2.0, 4.0, 4.0]
[1.0, 0.6115789473684211, 0.017857142857142856, 1.0, 4.0, 8.0]
[1.0, 0.30451127819548873, 0.19642857142857145, 1.0, 8.0, 4.0]
[1.0, 0.16917293233082703, 0.4285714285714285, 2.0, 4.0, 4.0]
[0.0, 0.19293233082706765, 0.09071428571428575, 1.0, 1.0, 1.0]
[0.0, 0.29067669172932326, 0.16517857142857142, 2.0, 11.0, 8.0]
[1.0, 0.2995488721804512, 0.07732142857142858, 2.0, 8.0, 4.0]
[1.0, 0.3371428571428572, 0.19642857142857145, 2.0, 3.0, 5.0]
[1.0, 0.08646616541353384, 0.010357142857142856, 2.0, 4.0, 4.0]
[1.0, 0.15669172932330827, 0.03125, 2.0, 11.0, 4.0]
[0.0, 0.2518796992481203, 0.23214285714285715, 2.0, 8.0, 5.0]
[1.0, 0.09398496240601505, 0.25, 2.0, 8.0, 4.0]
[1.0, 0.17413533834586464, 0.020714285714285713, 2.0, 8.0, 4.0]
[1.0, 0.2380451127819549, 0.16964285714285715, 2.0, 7.0, 4.0]
[1.0, 0.442406015037594, 0.08035714285714286, 2.0, 3.0, 5.0]
[1.0, 0.22556390977443608, 0.041607142857142856, 2.0, 4.0, 4.0]
[1.0, 0.2679699248120301, 0.10714285714285712, 1.0, 3.0, 5.0]
[1.0, 0.09774436090225565, 0.35571428571428576, 2.0, 10.0, 2.0]
[1.0, 0.4699248120300752, 0.30357142857142855, 2.0, 13.0, 8.0]
[0.0, 0.13654135338345863, 0.08178571428571427, 2.0, 11.0, 8.0]
[0.0, 0.10406015037593988, 0.10714285714285712, 2.0, 11.0, 4.0]
[1.0, 0.21172932330827063, 0.05357142857142857, 2.0, 9.0, 4.0]
[1.0, 0.4085714285714286, 0.08035714285714286, 1.0, 14.0, 8.0]
[1.0, 0.6416541353383459, 1.0, 1.0, 8.0, 4.0]
[0.0, 0.7568421052631578, 0.005892857142857143, 2.0, 1.0, 1.0]
[0.0, 0.1303759398496241, 0.4017857142857143, 1.0, 14.0, 8.0]
[0.0, 0.15909774436090224, 0.08928571428571427, 1.0, 3.0, 5.0]
[0.0, 0.8383458646616541, 0.21428571428571427, 2.0, 1.0, 1.0]
[1.0, 0.32827067669172927, 0.026785714285714284, 2.0, 4.0, 4.0]
[1.0, 0.52, 0.4285714285714285, 2.0, 7.0, 4.0]
[0.0, 0.21548872180451123, 0.5357142857142857, 1.0, 10.0, 9.0]
[1.0, 0.3221052631578948, 0.08928571428571427, 2.0, 4.0, 4.0]
[1.0, 0.5375939849624061, 0.27089285714285716, 2.0, 3.0, 5.0]
[1.0, 1.0, 0.19642857142857145, 2.0, 8.0, 4.0]
[1.0, 0.23308270676691728, 0.4642857142857143, 2.0, 2.0, 8.0]
[0.0, 0.04766917293233085, 0.017857142857142856, 2.0, 3.0, 4.0]
[0.0, 0.033834586466165405, 0.005892857142857143, 2.0, 6.0, 4.0]
[1.0, 0.6966917293233083, 0.5178571428571429, 2.0, 1.0, 1.0]
[1.0, 0.21428571428571427, 0.07142857142857142, 2.0, 4.0, 8.0]
[1.0, 0.4172932330827068, 0.055, 2.0, 3.0, 5.0]
[1.0, 0.15533834586466164, 0.32142857142857145, 2.0, 6.0, 4.0]
[1.0, 0.16165413533834583, 0.47625, 1.0, 6.0, 4.0]
[1.0, 0.31578947368421045, 0.5357142857142857, 2.0, 12.0, 7.0]
[1.0, 0.2995488721804512, 0.04464285714285714, 2.0, 9.0, 4.0]
[0.0, 0.4072180451127819, 0.35714285714285715, 2.0, 11.0, 8.0]
[1.0, 0.10030075187969928, 0.06553571428571428, 2.0, 8.0, 4.0]
[1.0, 0.35714285714285715, 0.04017857142857143, 1.0, 2.0, 4.0]
[1.0, 0.5225563909774437, 0.15178571428571427, 2.0, 7.0, 4.0]
[1.0, 0.13909774436090225, 0.026785714285714284, 2.0, 7.0, 4.0]
[1.0, 0.31954887218045114, 0.12053571428571427, 2.0, 8.0, 8.0]
[1.0, 0.038796992481202976, 0.09821428571428573, 2.0, 6.0, 4.0]
[1.0, 0.1341353383458647, 0.375, 2.0, 11.0, 8.0]
[0.0, 0.12030075187969924, 0.4196428571428572, 2.0, 8.0, 4.0]
[0.0, 0.17037593984962404, 0.09071428571428575, 1.0, 6.0, 4.0]
[1.0, 0.3395488721804511, 0.07589285714285714, 1.0, 9.0, 4.0]
[0.0, 0.22300751879699243, 0.13392857142857142, 2.0, 8.0, 4.0]
[1.0, 0.1266165413533835, 0.4330357142857143, 2.0, 8.0, 4.0]
[1.0, 0.3070676691729324, 0.055, 2.0, 13.0, 4.0]
[1.0, 0.31954887218045114, 0.08928571428571427, 2.0, 3.0, 4.0]
[1.0, 0.22300751879699243, 0.12946428571428573, 2.0, 6.0, 4.0]
[0.0, 0.08150375939849627, 0.19339285714285717, 2.0, 3.0, 8.0]
[1.0, 0.14285714285714285, 0.03571428571428571, 2.0, 8.0, 4.0]
[1.0, 0.04135338345864661, 0.004464285714285713, 2.0, 8.0, 4.0]
[0.0, 0.095187969924812, 0.004464285714285713, 2.0, 11.0, 4.0]
[1.0, 0.12902255639097743, 0.3928571428571429, 2.0, 9.0, 4.0]
[1.0, 0.30451127819548873, 0.18160714285714283, 1.0, 3.0, 5.0]
[0.0, 0.6515789473684209, 0.011964285714285715, 2.0, 3.0, 5.0, 0.035087719298245605, 1.0, 0.0]
[1.0, 0.037593984962406006, 0.029821428571428568, 2.0, 7.0, 4.0, 0.002982456140350877, 1.0, 0.0]
[1.0, 0.2869172932330827, 0.08928571428571427, 2.0, 13.0, 8.0, 0.09649122807017543, 1.0, 1.0]
[1.0, 0.518796992481203, 0.8958928571428572, 2.0, 9.0, 4.0, 0.06140350877192982, 1.0, 1.0]
[1.0, 0.3070676691729324, 0.09821428571428573, 2.0, 3.0, 5.0, 0.08771929824561403, 0.0, 0.0]
[1.0, 0.06887218045112779, 0.04321428571428571, 1.0, 10.0, 2.0, 0.0, 0.0, 0.0]
[1.0, 0.45864661654135336, 0.017857142857142856, 2.0, 7.0, 4.0, 0.3771929824561404, 1.0, 0.0]
[1.0, 0.3784962406015038, 0.0625, 2.0, 4.0, 4.0, 0.017543859649122806, 0.0, 0.0]
[1.0, 0.26812030075187965, 0.026785714285714284, 1.0, 6.0, 4.0, 0.12280701754385964, 0.0, 0.0]
[1.0, 0.17037593984962404, 0.06107142857142857, 2.0, 14.0, 4.0, 0.05842105263157895, 1.0, 1.0]
[1.0, 0.7769924812030076, 0.3928571428571429, 2.0, 10.0, 9.0, 0.7017543859649121, 1.0, 1.0]
[1.0, 0.4147368421052631, 0.0, 2.0, 8.0, 5.0, 0.5263157894736842, 1.0, 0.0]
[1.0, 0.2631578947368421, 0.04017857142857143, 2.0, 1.0, 1.0, 0.0, 0.0, 1.0]
[0.0, 0.34586466165413526, 0.1682142857142857, 2.0, 1.0, 1.0, 0.0, 0.0, 0.0]
[1.0, 0.2793984962406015, 0.26785714285714285, 2.0, 10.0, 5.0, 0.055614035087719296, 1.0, 0.0]
[0.0, 0.27323308270676694, 0.11160714285714286, 2.0, 1.0, 1.0, 0.10666666666666667, 0.0, 1.0]
[1.0, 0.16661654135338344, 0.09821428571428573, 2.0, 8.0, 4.0, 0.07894736842105263, 1.0, 1.0]
[1.0, 0.12285714285714287, 0.019285714285714288, 1.0, 14.0, 4.0, 0.0014035087719298247, 1.0, 1.0]
[1.0, 0.3082706766917293, 0.10714285714285712, 2.0, 13.0, 8.0, 0.2601754385964912, 1.0, 0.0]
[1.0, 0.5726315789473684, 0.10714285714285712, 1.0, 1.0, 1.0, 0.05263157894736842, 0.0, 0.0]
[0.0, 0.2679699248120301, 0.05357142857142857, 2.0, 1.0, 1.0, 0.0, 0.0, 1.0]
[1.0, 0.3709774436090226, 0.02517857142857143, 2.0, 8.0, 4.0, 0.013157894736842105, 0.0, 1.0]
[1.0, 0.3822556390977444, 0.06107142857142857, 2.0, 14.0, 4.0, 0.0043859649122807015, 1.0, 1.0]
[1.0, 0.06646616541353385, 0.08785714285714284, 2.0, 8.0, 7.0, 0.03368421052631579, 0.0, 1.0]
[1.0, 0.3796992481203008, 0.17857142857142855, 2.0, 13.0, 4.0, 0.12280701754385964, 1.0, 1.0]
[1.0, 0.09398496240601505, 0.39446428571428566, 2.0, 8.0, 4.0, 0.07017543859649121, 0.0, 0.0]
[1.0, 0.2857142857142857, 0.08339285714285713, 2.0, 2.0, 8.0, 0.20175438596491224, 0.0, 0.0]
[1.0, 0.07263157894736838, 0.20392857142857143, 2.0, 2.0, 4.0, 0.018947368421052633, 0.0, 0.0]
[0.0, 0.03127819548872181, 0.27232142857142855, 2.0, 11.0, 4.0, 0.0043859649122807015, 0.0, 1.0]
[1.0, 0.3846616541353383, 0.20982142857142855, 2.0, 13.0, 8.0, 0.35087719298245607, 1.0, 1.0]
[0.0, 0.0876691729323308, 0.02375, 2.0, 9.0, 4.0, 0.05842105263157895, 0.0, 0.0]
[1.0, 0.113984962406015, 0.375, 2.0, 8.0, 4.0, 0.10526315789473684, 1.0, 0.0]
[0.0, 0.1341353383458647, 0.026785714285714284, 2.0, 8.0, 4.0, 0.07017543859649121, 0.0, 1.0]
[1.0, 0.1792481203007519, 0.11607142857142856, 2.0, 8.0, 8.0, 0.08035087719298245, 0.0, 1.0]
[1.0, 0.1102255639097744, 0.36017857142857146, 1.0, 10.0, 8.0, 0.043859649122807015, 0.0, 0.0]
[0.0, 0.5300751879699248, 0.05357142857142857, 2.0, 5.0, 3.0, 0.0, 1.0, 0.0]
[1.0, 0.10406015037593988, 0.1889285714285714, 2.0, 11.0, 4.0, 0.013157894736842105, 1.0, 1.0]
[0.0, 0.08902255639097748, 0.007499999999999998, 2.0, 11.0, 8.0, 0.010175438596491228, 1.0, 1.0]
[1.0, 0.1215037593984962, 0.008928571428571426, 2.0, 2.0, 8.0, 0.02333333333333333, 1.0, 0.0]
[1.0, 0.19669172932330825, 0.019285714285714288, 2.0, 4.0, 1.0, 0.0, 0.0, 0.0]
[0.0, 0.3733834586466165, 0.17857142857142855, 2.0, 13.0, 4.0, 0.47368421052631576, 1.0, 0.0]
[0.0, 0.5463157894736842, 0.4478571428571429, 2.0, 6.0, 4.0, 0.08035087719298245, 1.0, 1.0]
[0.0, 0.030075187969924807, 0.013392857142857142, 2.0, 8.0, 4.0, 0.035087719298245605, 0.0, 0.0]
[0.0, 0.16165413533834583, 0.4553571428571429, 2.0, 8.0, 5.0, 0.16666666666666663, 1.0, 1.0]
[1.0, 0.10902255639097744, 0.17107142857142857, 1.0, 9.0, 4.0, 0.07894736842105263, 1.0, 1.0]
[1.0, 0.12526315789473683, 0.3928571428571429, 2.0, 13.0, 4.0, 0.02333333333333333, 1.0, 0.0]
[1.0, 0.613984962406015, 0.33625, 2.0, 1.0, 1.0, 0.5057894736842105, 1.0, 1.0]
[1.0, 0.06511278195488719, 0.19642857142857145, 2.0, 4.0, 4.0, 0.017543859649122806, 1.0, 0.0]
[1.0, 0.3446616541353384, 0.1576785714285714, 1.0, 4.0, 4.0, 0.008771929824561403, 1.0, 1.0]
[1.0, 0.367218045112782, 0.3616071428571429, 2.0, 14.0, 4.0, 0.08771929824561403, 1.0, 1.0]
[1.0, 0.1215037593984962, 0.055, 2.0, 4.0, 4.0, 0.002982456140350877, 0.0, 0.0]
[0.0, 0.573984962406015, 0.23214285714285715, 2.0, 3.0, 5.0, 0.10824561403508771, 0.0, 0.0]
[1.0, 0.1266165413533835, 0.08035714285714286, 2.0, 3.0, 4.0, 0.0043859649122807015, 0.0, 0.0]
[1.0, 0.5815037593984963, 0.05357142857142857, 2.0, 2.0, 4.0, 0.13157894736842105, 0.0, 0.0]
[0.0, 0.7093233082706767, 0.17857142857142855, 2.0, 6.0, 4.0, 0.14035087719298245, 1.0, 1.0]
[1.0, 0.09654135338345869, 0.20089285714285715, 2.0, 9.0, 4.0, 0.06, 1.0, 0.0]
[1.0, 0.14285714285714285, 0.14285714285714285, 2.0, 8.0, 5.0, 0.008771929824561403, 1.0, 0.0]
[1.0, 0.3371428571428572, 0.015, 1.0, 9.0, 4.0, 0.010175438596491228, 0.0, 0.0]
[0.0, 0.4285714285714285, 0.0625, 1.0, 8.0, 4.0, 0.0, 0.0, 0.0]
[1.0, 0.14781954887218043, 0.029821428571428568, 2.0, 3.0, 8.0, 0.002982456140350877, 0.0, 0.0]
[0.0, 0.33458646616541354, 0.03571428571428571, 2.0, 8.0, 4.0, 0.07017543859649121, 1.0, 1.0]
[1.0, 0.3884210526315789, 0.17857142857142855, 2.0, 1.0, 1.0, 0.0, 0.0, 1.0]
[0.0, 0.076390977443609, 0.1576785714285714, 1.0, 8.0, 8.0, 0.10526315789473684, 1.0, 0.0]
[1.0, 0.20300751879699247, 0.02232142857142857, 2.0, 6.0, 4.0, 0.015964912280701755, 1.0, 0.0]
[1.0, 0.28075187969924814, 0.10714285714285712, 2.0, 2.0, 4.0, 0.0057894736842105275, 0.0, 0.0]
[1.0, 0.08526315789473686, 0.05357142857142857, 1.0, 13.0, 4.0, 0.07017543859649121, 1.0, 0.0]
[0.0, 0.13278195488721803, 0.38392857142857145, 2.0, 11.0, 4.0, 0.014561403508771928, 1.0, 1.0]
[1.0, 0.3935338345864662, 0.22178571428571428, 2.0, 11.0, 4.0, 0.0014035087719298247, 1.0, 1.0]
[1.0, 0.1341353383458647, 0.005892857142857143, 2.0, 8.0, 3.0, 0.07894736842105263, 0.0, 0.0]
[0.0, 0.14541353383458647, 0.02821428571428572, 1.0, 11.0, 4.0, 0.05263157894736842, 1.0, 1.0]
[0.0, 0.24436090225563908, 0.1889285714285714, 2.0, 10.0, 2.0, 0.07894736842105263, 1.0, 1.0]
[0.0, 0.3996992481203007, 0.2692857142857143, 1.0, 11.0, 8.0, 0.2807017543859649, 1.0, 1.0]
[0.0, 0.34586466165413526, 0.18303571428571427, 2.0, 10.0, 4.0, 0.17543859649122806, 1.0, 0.0]
[1.0, 0.2593984962406015, 0.07446428571428573, 2.0, 8.0, 4.0, 0.002982456140350877, 0.0, 0.0]
[0.0, 0.1717293233082707, 0.10267857142857142, 2.0, 14.0, 8.0, 0.03070175438596491, 1.0, 0.0]
[1.0, 0.2055639097744361, 0.44642857142857145, 2.0, 6.0, 5.0, 0.008771929824561403, 0.0, 0.0]
[1.0, 0.2679699248120301, 0.14285714285714285, 2.0, 14.0, 4.0, 0.17543859649122806, 1.0, 1.0]
[1.0, 0.30571428571428566, 0.23214285714285715, 2.0, 6.0, 4.0, 0.0043859649122807015, 1.0, 0.0]
[1.0, 0.12526315789473683, 0.08339285714285713, 2.0, 4.0, 4.0, 0.02631578947368421, 0.0, 0.0]
[1.0, 0.26060150375939845, 0.11017857142857145, 2.0, 8.0, 4.0, 0.08771929824561403, 0.0, 1.0]
[1.0, 0.2679699248120301, 0.017857142857142856, 2.0, 8.0, 5.0, 0.029298245614035087, 1.0, 0.0]
[1.0, 0.033834586466165405, 0.11160714285714286, 2.0, 9.0, 4.0, 0.002982456140350877, 0.0, 1.0]
[1.0, 0.20300751879699247, 0.05946428571428571, 2.0, 13.0, 8.0, 0.17842105263157895, 1.0, 1.0]
[1.0, 0.1717293233082707, 0.10714285714285712, 2.0, 8.0, 4.0, 0.043859649122807015, 0.0, 1.0]
[1.0, 0.8120300751879698, 0.19642857142857145, 2.0, 10.0, 9.0, 0.45614035087719296, 1.0, 1.0]
[0.0, 0.076390977443609, 0.3392857142857143, 2.0, 9.0, 4.0, 0.05701754385964912, 1.0, 1.0]
[0.0, 0.20300751879699247, 0.010357142857142856, 2.0, 7.0, 8.0, 0.0043859649122807015, 0.0, 1.0]
[0.0, 0.0876691729323308, 0.02375, 1.0, 8.0, 4.0, 0.035087719298245605, 0.0, 1.0]
[1.0, 0.2556390977443609, 0.056607142857142856, 2.0, 2.0, 4.0, 0.020526315789473684, 0.0, 0.0]
[0.0, 0.5488721804511278, 0.029821428571428568, 2.0, 6.0, 4.0, 0.017543859649122806, 0.0, 0.0]
[1.0, 0.26060150375939845, 0.05357142857142857, 1.0, 9.0, 4.0, 0.0014035087719298247, 0.0, 0.0]
[1.0, 0.5688721804511278, 0.5357142857142857, 2.0, 8.0, 4.0, 0.2982456140350877, 1.0, 1.0]
[0.0, 0.3433082706766917, 0.010357142857142856, 2.0, 1.0, 1.0, 0.0, 0.0, 1.0]
[1.0, 0.29819548872180446, 0.09821428571428573, 2.0, 7.0, 4.0, 0.14912280701754385, 1.0, 1.0]
[0.0, 0.1064661654135338, 0.10714285714285712, 2.0, 6.0, 4.0, 0.0014035087719298247, 1.0, 0.0]
[1.0, 0.3371428571428572, 0.6473214285714286, 2.0, 9.0, 4.0, 0.002982456140350877, 0.0, 0.0]
[1.0, 0.556390977443609, 0.02089285714285714, 2.0, 1.0, 1.0, 0.0, 0.0, 0.0]
[0.0, 0.14781954887218043, 0.02964285714285714, 2.0, 11.0, 4.0, 0.014561403508771928, 0.0, 1.0]
[1.0, 0.3221052631578948, 0.16071428571428573, 2.0, 14.0, 8.0, 0.20175438596491224, 0.0, 0.0]
[0.0, 0.6717293233082707, 0.75, 2.0, 3.0, 5.0, 0.35087719298245607, 1.0, 1.0]
[1.0, 0.21804511278195488, 0.03125, 2.0, 7.0, 4.0, 0.03368421052631579, 1.0, 1.0]
[1.0, 0.2679699248120301, 0.02232142857142857, 2.0, 4.0, 4.0, 0.008771929824561403, 0.0, 0.0]
[0.0, 0.2706766917293233, 0.10714285714285712, 1.0, 5.0, 3.0, 0.0, 0.0, 0.0]
[1.0, 0.08526315789473686, 0.23214285714285715, 2.0, 9.0, 8.0, 0.051228070175438595, 1.0, 1.0]
[1.0, 0.38090225563909774, 0.21428571428571427, 2.0, 7.0, 4.0, 0.045263157894736845, 1.0, 1.0]
[1.0, 0.05007518796992479, 0.1175, 2.0, 3.0, 4.0, 0.01175438596491228, 0.0, 0.0]
[1.0, 0.46736842105263154, 0.25, 1.0, 8.0, 4.0, 0.05701754385964912, 0.0, 0.0]
[1.0, 0.037593984962406006, 0.0, 1.0, 6.0, 4.0, 0.008771929824561403, 0.0, 0.0]
[0.0, 0.4123308270676692, 0.23214285714285715, 2.0, 11.0, 4.0, 0.017543859649122806, 1.0, 1.0]
[1.0, 0.22812030075187967, 0.5357142857142857, 2.0, 8.0, 8.0, 0.18719298245614036, 1.0, 1.0]
[0.0, 0.1867669172932331, 0.07142857142857142, 2.0, 5.0, 3.0, 0.0, 0.0, 0.0]
[1.0, 0.3733834586466165, 0.11910714285714284, 2.0, 9.0, 4.0, 0.14035087719298245, 1.0, 1.0]
[1.0, 0.1717293233082707, 0.21428571428571427, 2.0, 8.0, 4.0, 0.035087719298245605, 1.0, 1.0]
[0.0, 0.21684210526315792, 0.013392857142857142, 2.0, 11.0, 4.0, 0.020526315789473684, 1.0, 1.0]
[1.0, 0.8972932330827069, 0.6339285714285714, 2.0, 1.0, 1.0, 0.0, 1.0, 0.0]
[1.0, 0.13157894736842105, 0.4107142857142857, 1.0, 7.0, 4.0, 0.05263157894736842, 0.0, 0.0]
[0.0, 0.20180451127819551, 0.04464285714285714, 2.0, 1.0, 1.0, 0.0, 0.0, 1.0]
[0.0, 0.08150375939849627, 0.30660714285714286, 2.0, 13.0, 8.0, 0.02631578947368421, 1.0, 1.0]
[0.0, 0.17789473684210524, 0.0, 2.0, 8.0, 4.0, 0.0, 0.0, 0.0]
[1.0, 0.2679699248120301, 0.0014285714285714284, 1.0, 2.0, 4.0, 0.14912280701754385, 0.0, 0.0]
[0.0, 0.13157894736842105, 0.30357142857142855, 2.0, 11.0, 4.0, 0.06140350877192982, 1.0, 1.0]
[0.0, 0.1378947368421053, 0.04464285714285714, 2.0, 11.0, 4.0, 0.008771929824561403, 0.0, 0.0]
[1.0, 0.14285714285714285, 0.4508928571428572, 2.0, 8.0, 4.0, 0.0043859649122807015, 0.0, 1.0]
[0.0, 0.23684210526315788, 0.03875, 1.0, 14.0, 4.0, 0.035087719298245605, 0.0, 0.0]
[0.0, 0.2744360902255639, 0.21428571428571427, 2.0, 2.0, 4.0, 0.043859649122807015, 0.0, 0.0]
[1.0, 0.19924812030075184, 0.05357142857142857, 1.0, 9.0, 4.0, 0.013157894736842105, 1.0, 0.0]
[1.0, 0.08390977443609021, 0.3898214285714285, 2.0, 8.0, 5.0, 0.020526315789473684, 0.0, 1.0]
[1.0, 0.33082706766917286, 0.08625, 2.0, 9.0, 4.0, 0.0043859649122807015, 0.0, 1.0]
[1.0, 0.076390977443609, 0.0, 2.0, 11.0, 4.0, 0.02333333333333333, 0.0, 0.0]
[0.0, 0.22556390977443608, 0.13392857142857142, 2.0, 8.0, 4.0, 0.03807017543859649, 1.0, 1.0]
[1.0, 0.3108270676691729, 0.15178571428571427, 2.0, 3.0, 5.0, 0.11403508771929824, 1.0, 1.0]
[0.0, 0.2932330827067669, 0.10714285714285712, 1.0, 6.0, 4.0, 0.07017543859649121, 0.0, 0.0]
[1.0, 0.60406015037594, 0.34375, 2.0, 10.0, 4.0, 0.3040350877192982, 1.0, 1.0]
[1.0, 0.17293233082706763, 0.03571428571428571, 2.0, 6.0, 4.0, 0.017543859649122806, 0.0, 0.0]
[1.0, 0.28075187969924814, 0.07732142857142858, 1.0, 4.0, 1.0, 0.0, 0.0, 0.0]
[0.0, 0.1102255639097744, 0.17857142857142855, 1.0, 1.0, 1.0, 0.0, 0.0, 0.0]
[0.0, 0.6428571428571429, 0.5714285714285714, 2.0, 5.0, 1.0, 0.0, 1.0, 1.0]
[1.0, 0.2781954887218045, 0.005892857142857143, 1.0, 8.0, 8.0, 0.11403508771929824, 1.0, 1.0]
[0.0, 0.10150375939849623, 0.42267857142857146, 2.0, 8.0, 8.0, 0.21052631578947367, 1.0, 0.0, 0.0, 0.0, 2.0]
[0.0, 0.24812030075187969, 0.19642857142857145, 2.0, 4.0, 4.0, 0.19298245614035087, 0.0, 0.0, 0.0, 1.0, 1.0]
[0.0, 0.16285714285714284, 0.02392857142857143, 2.0, 6.0, 8.0, 0.06140350877192982, 1.0, 0.0, 0.0, 0.0, 2.0]
[1.0, 0.1416541353383459, 0.3973214285714285, 2.0, 14.0, 8.0, 0.016140350877192983, 1.0, 1.0, 1.0, 0.0, 2.0]
[0.0, 0.2679699248120301, 0.4017857142857143, 2.0, 1.0, 1.0, 0.0, 0.0, 0.0, 0.0, 0.0, 2.0]
[0.0, 0.2793984962406015, 0.019285714285714288, 2.0, 13.0, 4.0, 0.0014035087719298247, 1.0, 0.0, 0.0, 0.0, 2.0]
[1.0, 0.15293233082706767, 0.05357142857142857, 2.0, 2.0, 8.0, 0.06578947368421052, 1.0, 1.0, 6.0, 0.0, 2.0]
[1.0, 0.34586466165413526, 0.004464285714285713, 1.0, 8.0, 4.0, 0.05263157894736842, 0.0, 0.0, 0.0, 1.0, 2.0]
[1.0, 0.24180451127819544, 0.04464285714285714, 1.0, 4.0, 4.0, 0.008771929824561403, 0.0, 0.0, 0.0, 0.0, 2.0]
[0.0, 0.15533834586466164, 0.017857142857142856, 2.0, 11.0, 8.0, 0.043859649122807015, 1.0, 1.0, 1.0, 0.0, 2.0]
[1.0, 0.11157894736842108, 0.008928571428571426, 1.0, 8.0, 8.0, 0.008771929824561403, 0.0, 0.0, 0.0, 0.0, 2.0]
[1.0, 0.26571428571428574, 0.5535714285714286, 2.0, 8.0, 4.0, 0.017543859649122806, 1.0, 0.0, 0.0, 0.0, 2.0]
[1.0, 0.13654135338345863, 0.10714285714285712, 2.0, 7.0, 4.0, 0.045263157894736845, 1.0, 1.0, 1.0, 0.0, 2.0]
[1.0, 0.35714285714285715, 0.0625, 1.0, 8.0, 5.0, 0.008771929824561403, 1.0, 0.0, 0.0, 1.0, 2.0]
[0.0, 0.16661654135338344, 0.16071428571428573, 2.0, 9.0, 4.0, 0.035087719298245605, 0.0, 0.0, 0.0, 1.0, 2.0]
[1.0, 0.3395488721804511, 0.13535714285714287, 2.0, 9.0, 4.0, 0.040877192982456144, 1.0, 0.0, 0.0, 1.0, 2.0]
[0.0, 0.5037593984962406, 0.026785714285714284, 2.0, 11.0, 8.0, 0.09649122807017543, 1.0, 1.0, 1.0, 0.0, 2.0]
[1.0, 0.27563909774436085, 0.14285714285714285, 1.0, 13.0, 4.0, 0.05263157894736842, 0.0, 0.0, 0.0, 1.0, 2.0]
[0.0, 0.25308270676691724, 0.38089285714285703, 2.0, 11.0, 8.0, 0.002982456140350877, 0.0, 1.0, 12.0, 1.0, 2.0]
[1.0, 0.21172932330827063, 0.055, 2.0, 9.0, 4.0, 0.13157894736842105, 1.0, 1.0, 5.0, 1.0, 2.0]
[1.0, 0.6177443609022556, 0.5535714285714286, 2.0, 10.0, 9.0, 0.0, 1.0, 1.0, 20.0, 0.0, 2.0]
[1.0, 0.03503759398496238, 0.026785714285714284, 2.0, 8.0, 4.0, 0.06140350877192982, 1.0, 1.0, 5.0, 1.0, 2.0]
[1.0, 0.16285714285714284, 0.44642857142857145, 2.0, 9.0, 4.0, 0.03070175438596491, 1.0, 0.0, 0.0, 1.0, 2.0]
[1.0, 0.2845112781954888, 0.19642857142857145, 2.0, 11.0, 8.0, 0.19298245614035087, 1.0, 1.0, 12.0, 1.0, 2.0]
[1.0, 0.24691729323308273, 0.017857142857142856, 2.0, 8.0, 4.0, 0.06140350877192982, 1.0, 1.0, 11.0, 0.0, 2.0]
[1.0, 0.12781954887218044, 0.016428571428571428, 2.0, 4.0, 4.0, 0.0043859649122807015, 0.0, 0.0, 0.0, 1.0, 2.0]
[1.0, 0.42105263157894735, 0.03428571428571429, 2.0, 14.0, 4.0, 0.08771929824561403, 1.0, 0.0, 0.0, 0.0, 2.0]
[1.0, 0.3446616541353384, 0.07142857142857142, 2.0, 3.0, 4.0, 0.008771929824561403, 0.0, 0.0, 0.0, 1.0, 2.0]
[1.0, 0.18165413533834585, 0.4583928571428572, 2.0, 13.0, 4.0, 0.017543859649122806, 0.0, 0.0, 0.0, 0.0, 2.0]
[1.0, 0.24315789473684207, 0.06553571428571428, 2.0, 8.0, 8.0, 0.15210526315789474, 1.0, 0.0, 0.0, 0.0, 2.0]
[1.0, 0.095187969924812, 0.008928571428571426, 2.0, 11.0, 4.0, 0.0043859649122807015, 0.0, 0.0, 0.0, 0.0, 2.0]
[1.0, 0.08902255639097748, 0.013392857142857142, 2.0, 11.0, 4.0, 0.07017543859649121, 1.0, 1.0, 2.0, 1.0, 2.0]
[1.0, 0.5664661654135339, 0.0014285714285714284, 2.0, 14.0, 8.0, 0.0014035087719298247, 1.0, 0.0, 0.0, 0.0, 2.0]
[1.0, 0.7368421052631577, 0.25, 2.0, 10.0, 9.0, 0.0, 0.0, 0.0, 0.0, 0.0, 2.0]
[1.0, 0.4034586466165413, 0.1175, 2.0, 7.0, 4.0, 0.12280701754385964, 0.0, 0.0, 0.0, 1.0, 1.0]
[0.0, 0.038796992481202976, 0.007499999999999998, 2.0, 6.0, 4.0, 0.0043859649122807015, 0.0, 0.0, 0.0, 0.0, 2.0]
[1.0, 0.23684210526315788, 0.020714285714285713, 2.0, 9.0, 4.0, 0.010175438596491228, 0.0, 1.0, 1.0, 0.0, 2.0]
[1.0, 0.30451127819548873, 0.16071428571428573, 2.0, 6.0, 4.0, 0.035087719298245605, 1.0, 0.0, 0.0, 1.0, 2.0]
[0.0, 0.8696240601503759, 0.0, 2.0, 8.0, 4.0, 0.0, 0.0, 0.0, 0.0, 0.0, 3.0]
[1.0, 0.424812030075188, 0.00732142857142857, 2.0, 3.0, 8.0, 0.17982456140350875, 1.0, 0.0, 0.0, 0.0, 2.0]
[0.0, 0.13157894736842105, 0.3928571428571429, 1.0, 11.0, 4.0, 0.10526315789473684, 1.0, 0.0, 0.0, 1.0, 2.0]
[1.0, 0.16045112781954887, 0.07142857142857142, 2.0, 10.0, 2.0, 0.0057894736842105275, 0.0, 1.0, 2.0, 0.0, 2.0]
[1.0, 0.4598496240601504, 0.017857142857142856, 2.0, 3.0, 8.0, 0.17543859649122806, 1.0, 0.0, 0.0, 1.0, 2.0]
[0.0, 0.13909774436090225, 0.4196428571428572, 2.0, 14.0, 8.0, 0.017543859649122806, 1.0, 1.0, 2.0, 1.0, 2.0]
[1.0, 0.3108270676691729, 0.047678571428571424, 2.0, 3.0, 5.0, 0.0043859649122807015, 0.0, 0.0, 0.0, 1.0, 2.0]
[1.0, 0.14030075187969923, 0.4107142857142857, 2.0, 3.0, 4.0, 0.12280701754385964, 1.0, 1.0, 9.0, 0.0, 2.0]
[1.0, 0.18300751879699248, 0.03125, 2.0, 4.0, 4.0, 0.013157894736842105, 0.0, 1.0, 2.0, 1.0, 2.0]
[0.0, 0.05759398496240599, 0.32142857142857145, 2.0, 6.0, 4.0, 0.04824561403508772, 1.0, 0.0, 0.0, 1.0, 2.0]
[1.0, 0.10030075187969928, 0.03875, 2.0, 11.0, 4.0, 0.05263157894736842, 0.0, 0.0, 0.0, 0.0, 2.0]
[1.0, 0.2694736842105264, 0.5773214285714284, 2.0, 2.0, 4.0, 0.10526315789473684, 1.0, 1.0, 9.0, 0.0, 2.0]
[0.0, 0.6590977443609022, 0.07142857142857142, 2.0, 1.0, 1.0, 0.22807017543859648, 0.0, 1.0, 1.0, 0.0, 2.0]
[1.0, 0.6905263157894737, 0.055, 2.0, 11.0, 4.0, 0.0043859649122807015, 1.0, 0.0, 0.0, 1.0, 2.0]
[0.0, 0.7732330827067668, 0.5, 2.0, 1.0, 1.0, 0.0, 1.0, 1.0, 11.0, 1.0, 2.0]
[1.0, 0.24556390977443607, 0.03714285714285714, 1.0, 3.0, 5.0, 0.017543859649122806, 1.0, 1.0, 10.0, 1.0, 2.0]
[1.0, 0.5237593984962404, 0.23214285714285715, 2.0, 11.0, 8.0, 0.21052631578947367, 1.0, 0.0, 0.0, 1.0, 2.0]
[0.0, 0.14781954887218043, 0.4107142857142857, 1.0, 4.0, 8.0, 0.10526315789473684, 0.0, 0.0, 0.0, 1.0, 2.0]
[1.0, 0.09654135338345869, 0.33035714285714285, 2.0, 8.0, 4.0, 0.05842105263157895, 1.0, 1.0, 3.0, 1.0, 2.0]
[1.0, 0.517593984962406, 0.27232142857142855, 2.0, 9.0, 8.0, 0.543859649122807, 1.0, 1.0, 12.0, 0.0, 2.0]
[1.0, 0.14285714285714285, 0.05357142857142857, 2.0, 11.0, 4.0, 0.08333333333333331, 1.0, 1.0, 3.0, 1.0, 2.0]
[1.0, 0.2781954887218045, 0.5, 1.0, 1.0, 1.0, 0.0, 0.0, 1.0, 2.0, 0.0, 2.0]
[1.0, 0.29819548872180446, 0.011964285714285715, 1.0, 13.0, 4.0, 0.002982456140350877, 0.0, 0.0, 0.0, 0.0, 2.0]
[1.0, 0.14781954887218043, 0.016428571428571428, 1.0, 9.0, 4.0, 0.09210526315789472, 1.0, 1.0, 6.0, 1.0, 2.0]
[1.0, 0.04766917293233085, 0.011964285714285715, 1.0, 4.0, 4.0, 0.010175438596491228, 0.0, 0.0, 0.0, 0.0, 1.0]
[0.0, 0.1064661654135338, 0.30357142857142855, 2.0, 8.0, 4.0, 0.0057894736842105275, 0.0, 0.0, 0.0, 0.0, 2.0]
[0.0, 0.7042105263157894, 0.5892857142857143, 2.0, 11.0, 4.0, 0.3859649122807017, 1.0, 0.0, 0.0, 1.0, 2.0]
[1.0, 0.2679699248120301, 0.17857142857142855, 1.0, 6.0, 4.0, 0.2982456140350877, 1.0, 0.0, 0.0, 0.0, 2.0]
[0.0, 0.16917293233082703, 0.4403571428571428, 2.0, 13.0, 8.0, 0.12280701754385964, 1.0, 1.0, 6.0, 0.0, 2.0]
[1.0, 0.11654135338345864, 0.3482142857142857, 2.0, 8.0, 4.0, 0.008771929824561403, 1.0, 0.0, 0.0, 0.0, 2.0]
[1.0, 0.10030075187969928, 0.0, 2.0, 8.0, 4.0, 0.0, 0.0, 0.0, 0.0, 0.0, 3.0]
[0.0, 0.17293233082706763, 0.4821428571428572, 1.0, 1.0, 1.0, 0.07017543859649121, 0.0, 1.0, 1.0, 1.0, 2.0]
[1.0, 0.43729323308270673, 0.16517857142857142, 2.0, 11.0, 4.0, 0.1607017543859649, 1.0, 0.0, 0.0, 0.0, 1.0]
[1.0, 0.1942857142857143, 0.0625, 1.0, 8.0, 4.0, 0.035087719298245605, 1.0, 1.0, 5.0, 1.0, 2.0]
[1.0, 0.6628571428571428, 0.25142857142857145, 2.0, 7.0, 4.0, 0.49122807017543857, 1.0, 1.0, 6.0, 1.0, 2.0]
[1.0, 0.6341353383458648, 0.4107142857142857, 2.0, 1.0, 1.0, 0.17543859649122806, 1.0, 1.0, 5.0, 0.0, 2.0]
[1.0, 0.5651127819548872, 0.35714285714285715, 2.0, 3.0, 5.0, 0.0, 1.0, 1.0, 11.0, 0.0, 2.0]
[1.0, 0.3921804511278195, 0.017857142857142856, 2.0, 7.0, 4.0, 0.008771929824561403, 1.0, 0.0, 0.0, 0.0, 1.0]
[1.0, 0.20796992481203003, 0.07285714285714284, 1.0, 6.0, 4.0, 0.07017543859649121, 1.0, 1.0, 3.0, 1.0, 2.0]
[1.0, 0.24691729323308273, 0.23214285714285715, 2.0, 13.0, 4.0, 0.10964912280701752, 1.0, 1.0, 8.0, 0.0, 2.0]
[1.0, 0.5726315789473684, 0.07285714285714284, 1.0, 1.0, 1.0, 0.05263157894736842, 0.0, 0.0, 0.0, 0.0, 2.0]
[0.0, 0.16917293233082703, 0.3928571428571429, 1.0, 6.0, 4.0, 0.15789473684210523, 1.0, 0.0, 0.0, 0.0, 2.0]
[1.0, 0.23939849624060153, 0.026785714285714284, 1.0, 8.0, 4.0, 0.0014035087719298247, 0.0, 0.0, 0.0, 0.0, 2.0]
[0.0, 0.2995488721804512, 0.013392857142857142, 2.0, 13.0, 4.0, 0.013157894736842105, 0.0, 0.0, 0.0, 0.0, 2.0]
[1.0, 0.1804511278195489, 0.026785714285714284, 2.0, 8.0, 5.0, 0.008771929824561403, 1.0, 0.0, 0.0, 0.0, 2.0]
[0.0, 0.22436090225563912, 0.03714285714285714, 2.0, 8.0, 4.0, 0.08771929824561403, 1.0, 1.0, 5.0, 1.0, 2.0]
[0.0, 0.06511278195488719, 0.013392857142857142, 3.0, 13.0, 1.0, 0.35087719298245607, 0.0, 0.0, 0.0, 1.0, 1.0]
[1.0, 0.10030075187969928, 0.25, 2.0, 8.0, 4.0, 0.05701754385964912, 1.0, 1.0, 3.0, 0.0, 2.0]
[1.0, 0.05639097744360902, 0.7857142857142858, 3.0, 1.0, 7.0, 0.0, 0.0, 0.0, 0.0, 1.0, 3.0]
[1.0, 0.06511278195488719, 0.24107142857142855, 1.0, 7.0, 4.0, 0.0014035087719298247, 0.0, 0.0, 0.0, 0.0, 2.0]
[1.0, 0.5100751879699248, 0.08928571428571427, 2.0, 7.0, 5.0, 0.08771929824561403, 1.0, 1.0, 12.0, 1.0, 2.0]
[1.0, 0.6566917293233083, 0.30357142857142855, 2.0, 10.0, 8.0, 0.24561403508771928, 1.0, 1.0, 3.0, 0.0, 2.0]
[1.0, 0.0, 0.14285714285714285, 1.0, 9.0, 4.0, 0.06140350877192982, 1.0, 1.0, 2.0, 1.0, 2.0]
[1.0, 0.08390977443609021, 0.3392857142857143, 2.0, 11.0, 4.0, 0.035087719298245605, 1.0, 0.0, 0.0, 1.0, 2.0]
[0.0, 0.12285714285714287, 0.4166071428571429, 2.0, 4.0, 8.0, 0.002982456140350877, 0.0, 0.0, 0.0, 0.0, 2.0]
[1.0, 0.05759398496240599, 0.35714285714285715, 2.0, 9.0, 8.0, 0.0057894736842105275, 0.0, 1.0, 1.0, 0.0, 2.0]
[1.0, 0.3169924812030075, 0.08928571428571427, 1.0, 9.0, 4.0, 0.10526315789473684, 0.0, 0.0, 0.0, 0.0, 1.0]
[1.0, 0.23187969924812032, 0.125, 2.0, 9.0, 4.0, 0.12280701754385964, 1.0, 1.0, 3.0, 1.0, 2.0]
[1.0, 0.11533834586466168, 0.026785714285714284, 1.0, 12.0, 7.0, 0.02631578947368421, 0.0, 0.0, 0.0, 1.0, 2.0]
[1.0, 0.06646616541353385, 0.3660714285714285, 2.0, 8.0, 8.0, 0.03807017543859649, 0.0, 0.0, 0.0, 0.0, 2.0]
[1.0, 0.21428571428571427, 0.10714285714285712, 2.0, 9.0, 4.0, 0.02631578947368421, 0.0, 0.0, 0.0, 1.0, 2.0]
[0.0, 0.4824060150375939, 0.375, 2.0, 11.0, 4.0, 0.17543859649122806, 1.0, 1.0, 7.0, 1.0, 2.0]
[1.0, 0.13533834586466165, 0.4107142857142857, 2.0, 3.0, 4.0, 0.014561403508771928, 0.0, 0.0, 0.0, 0.0, 2.0]
[0.0, 0.2679699248120301, 0.125, 2.0, 2.0, 4.0, 0.10526315789473684, 1.0, 0.0, 0.0, 1.0, 2.0]
[0.0, 0.10030075187969928, 0.26785714285714285, 2.0, 4.0, 4.0, 0.05263157894736842, 1.0, 1.0, 1.0, 0.0, 2.0]
[0.0, 0.11278195488721804, 0.08339285714285713, 2.0, 3.0, 5.0, 0.017543859649122806, 1.0, 1.0, 4.0, 0.0, 1.0]
[1.0, 0.1942857142857143, 0.15178571428571427, 2.0, 13.0, 4.0, 0.15052631578947367, 1.0, 1.0, 1.0, 1.0, 2.0]
[0.0, 0.20421052631578945, 0.05946428571428571, 2.0, 1.0, 1.0, 0.0, 0.0, 0.0, 0.0, 0.0, 2.0]
[1.0, 0.42601503759398496, 0.03714285714285714, 2.0, 9.0, 4.0, 0.17543859649122806, 1.0, 1.0, 6.0, 1.0, 2.0]
[0.0, 0.06766917293233081, 0.35714285714285715, 2.0, 9.0, 4.0, 0.035087719298245605, 0.0, 1.0, 1.0, 0.0, 2.0]
[0.0, 0.22180451127819548, 0.03571428571428571, 2.0, 11.0, 4.0, 0.035087719298245605, 1.0, 1.0, 2.0, 1.0, 2.0]
[0.0, 0.11654135338345864, 0.21428571428571427, 2.0, 6.0, 4.0, 0.08771929824561403, 1.0, 1.0, 3.0, 0.0, 2.0]
[1.0, 0.1215037593984962, 0.3928571428571429, 2.0, 14.0, 4.0, 0.010175438596491228, 1.0, 1.0, 6.0, 0.0, 2.0]
[1.0, 0.12285714285714287, 0.017857142857142856, 2.0, 8.0, 4.0, 0.0043859649122807015, 0.0, 0.0, 0.0, 0.0, 2.0]
[1.0, 0.2845112781954888, 0.32142857142857145, 1.0, 9.0, 8.0, 0.18421052631578944, 1.0, 0.0, 0.0, 1.0, 2.0]
[0.0, 0.4748872180451128, 0.03571428571428571, 2.0, 11.0, 4.0, 0.0043859649122807015, 0.0, 0.0, 0.0, 1.0, 2.0]
[0.0, 0.14781954887218043, 0.02089285714285714, 1.0, 1.0, 1.0, 0.0043859649122807015, 0.0, 0.0, 0.0, 0.0, 2.0]
[0.0, 0.06270676691729325, 0.019285714285714288, 2.0, 8.0, 4.0, 0.06140350877192982, 0.0, 1.0, 1.0, 1.0, 2.0]
[1.0, 0.2894736842105263, 0.08928571428571427, 1.0, 9.0, 4.0, 0.24561403508771928, 0.0, 0.0, 0.0, 1.0, 2.0]
[0.0, 0.1341353383458647, 0.011964285714285715, 2.0, 11.0, 4.0, 0.02631578947368421, 0.0, 0.0, 0.0, 0.0, 1.0]
[1.0, 0.3145864661654136, 0.038571428571428576, 2.0, 7.0, 4.0, 0.040877192982456144, 0.0, 0.0, 0.0, 0.0, 1.0]
[1.0, 0.23939849624060153, 0.05053571428571429, 2.0, 9.0, 8.0, 0.02631578947368421, 1.0, 1.0, 1.0, 0.0, 2.0]
[1.0, 0.2718796992481203, 0.08928571428571427, 2.0, 6.0, 4.0, 0.2631578947368421, 1.0, 0.0, 0.0, 1.0, 2.0]
[0.0, 0.10406015037593988, 0.06553571428571428, 2.0, 11.0, 4.0, 0.0731578947368421, 1.0, 1.0, 5.0, 0.0, 2.0]
[1.0, 0.3007518796992481, 0.09821428571428573, 2.0, 3.0, 5.0, 0.0, 0.0, 0.0, 0.0, 0.0, 2.0]
[1.0, 0.12526315789473683, 0.02964285714285714, 2.0, 8.0, 8.0, 0.07596491228070176, 0.0, 0.0, 0.0, 1.0, 2.0]
[0.0, 0.3258646616541353, 0.4285714285714285, 2.0, 11.0, 8.0, 0.49122807017543857, 1.0, 1.0, 8.0, 0.0, 2.0]
[1.0, 0.27323308270676694, 0.15928571428571428, 2.0, 13.0, 8.0, 0.21192982456140352, 1.0, 1.0, 3.0, 0.0, 2.0]
[0.0, 0.1341353383458647, 0.02821428571428572, 2.0, 3.0, 4.0, 0.002982456140350877, 0.0, 0.0, 0.0, 0.0, 2.0]
[1.0, 0.1942857142857143, 0.5208928571428572, 2.0, 3.0, 5.0, 0.0, 0.0, 0.0, 0.0, 1.0, 2.0]
[1.0, 0.4548872180451128, 0.07142857142857142, 2.0, 7.0, 4.0, 0.06140350877192982, 1.0, 1.0, 2.0, 1.0, 2.0]
[1.0, 0.24691729323308273, 0.03875, 1.0, 8.0, 4.0, 0.0014035087719298247, 0.0, 0.0, 0.0, 0.0, 2.0]
[1.0, 0.36090225563909767, 0.25, 2.0, 11.0, 8.0, 0.4035087719298245, 1.0, 1.0, 7.0, 1.0, 2.0]
[1.0, 0.05007518796992479, 0.003035714285714286, 1.0, 8.0, 4.0, 0.0014035087719298247, 0.0, 0.0, 0.0, 0.0, 2.0]
[1.0, 0.5326315789473685, 0.08178571428571427, 2.0, 1.0, 1.0, 0.010175438596491228, 0.0, 0.0, 0.0, 0.0, 2.0]
[1.0, 0.1378947368421053, 0.006071428571428572, 2.0, 7.0, 4.0, 0.002982456140350877, 0.0, 0.0, 0.0, 0.0, 1.0]
[0.0, 0.3169924812030075, 0.04464285714285714, 1.0, 3.0, 8.0, 0.017543859649122806, 0.0, 0.0, 0.0, 1.0, 2.0]
[1.0, 0.45864661654135336, 0.3928571428571429, 1.0, 2.0, 4.0, 0.05263157894736842, 1.0, 0.0, 0.0, 0.0, 1.0]
[1.0, 0.6879699248120301, 0.09821428571428573, 2.0, 9.0, 4.0, 0.06140350877192982, 1.0, 1.0, 5.0, 1.0, 2.0]
[1.0, 0.17669172932330826, 0.013392857142857142, 2.0, 7.0, 4.0, 0.008771929824561403, 1.0, 1.0, 3.0, 0.0, 2.0]
[0.0, 0.41849624060150376, 0.03714285714285714, 2.0, 6.0, 4.0, 0.02333333333333333, 0.0, 0.0, 0.0, 0.0, 2.0, 0.12, 0.00237]
[1.0, 0.5387969924812028, 0.6785714285714286, 2.0, 1.0, 1.0, 0.0, 1.0, 1.0, 1.0, 0.0, 2.0, 0.047, 0.0]
[0.0, 0.3033082706766917, 0.056607142857142856, 1.0, 1.0, 1.0, 0.0, 1.0, 0.0, 0.0, 0.0, 2.0, 0.16, 0.0]
[1.0, 0.08150375939849627, 0.14285714285714285, 1.0, 3.0, 4.0, 0.035087719298245605, 0.0, 0.0, 0.0, 1.0, 2.0, 0.18, 0.01]
[0.0, 0.16165413533834583, 0.08625, 1.0, 8.0, 4.0, 0.0, 0.0, 0.0, 0.0, 0.0, 2.0, 0.06, 0.0]
[1.0, 0.14406015037593983, 0.05357142857142857, 2.0, 8.0, 8.0, 0.04964912280701755, 1.0, 0.0, 0.0, 0.0, 2.0, 0.211, 0.002]
[1.0, 0.8333834586466164, 0.32142857142857145, 2.0, 1.0, 1.0, 0.14035087719298245, 0.0, 1.0, 1.0, 0.0, 2.0, 0.035, 6e-05]
[1.0, 0.5100751879699248, 0.010357142857142856, 2.0, 8.0, 5.0, 0.5263157894736842, 1.0, 1.0, 20.0, 0.0, 2.0, 0.0, 0.15]
[0.0, 0.2932330827067669, 0.08928571428571427, 1.0, 8.0, 4.0, 0.08771929824561403, 0.0, 0.0, 0.0, 1.0, 2.0, 0.0, 2e-05]
[1.0, 0.44360902255639095, 0.10714285714285712, 2.0, 11.0, 8.0, 0.21052631578947367, 1.0, 1.0, 11.0, 0.0, 2.0, 0.04, 0.0]
[1.0, 0.13909774436090225, 0.02232142857142857, 1.0, 6.0, 4.0, 0.0043859649122807015, 1.0, 0.0, 0.0, 0.0, 2.0, 0.08999999999999998, 1e-05]
[1.0, 0.31578947368421045, 0.08928571428571427, 2.0, 13.0, 5.0, 0.017543859649122806, 0.0, 0.0, 0.0, 0.0, 2.0, 0.174, 0.0]
[1.0, 0.6440601503759398, 0.6607142857142857, 2.0, 2.0, 5.0, 0.5263157894736842, 1.0, 1.0, 17.0, 1.0, 2.0, 0.0, 0.0]
[0.0, 0.4574436090225564, 0.23803571428571427, 2.0, 11.0, 4.0, 0.25877192982456143, 1.0, 1.0, 3.0, 1.0, 2.0, 0.0, 0.0]
[0.0, 0.4598496240601504, 0.0, 2.0, 8.0, 4.0, 0.08771929824561403, 1.0, 0.0, 0.0, 0.0, 2.0, 0.0, 0.0]
[1.0, 0.3082706766917293, 0.0625, 2.0, 9.0, 5.0, 0.008771929824561403, 1.0, 0.0, 0.0, 1.0, 2.0, 0.0815, 0.0]
[0.0, 0.4699248120300752, 0.16375, 2.0, 4.0, 8.0, 0.035087719298245605, 0.0, 0.0, 0.0, 1.0, 1.0, 0.12, 0.0]
[1.0, 0.25308270676691724, 0.09678571428571427, 1.0, 7.0, 4.0, 0.0043859649122807015, 0.0, 0.0, 0.0, 1.0, 1.0, 0.04, 0.0]
[1.0, 0.20932330827067672, 0.026785714285714284, 2.0, 11.0, 8.0, 0.0057894736842105275, 0.0, 0.0, 0.0, 1.0, 2.0, 0.11, 0.00251]
[1.0, 0.08526315789473686, 0.25892857142857145, 2.0, 7.0, 4.0, 0.0014035087719298247, 0.0, 1.0, 1.0, 0.0, 2.0, 0.05, 1e-05]
[0.0, 0.4147368421052631, 0.03571428571428571, 2.0, 3.0, 5.0, 0.07894736842105263, 1.0, 0.0, 0.0, 1.0, 2.0, 0.0, 0.003]
[0.0, 0.14661654135338345, 0.05357142857142857, 2.0, 9.0, 4.0, 0.03070175438596491, 0.0, 0.0, 0.0, 1.0, 2.0, 0.08, 0.0]
[1.0, 0.2694736842105264, 0.02964285714285714, 2.0, 14.0, 4.0, 0.046842105263157886, 1.0, 1.0, 8.0, 1.0, 2.0, 0.1515, 0.0329]
[0.0, 0.06135338345864659, 0.3928571428571429, 2.0, 14.0, 8.0, 0.035087719298245605, 1.0, 1.0, 11.0, 0.0, 2.0, 0.0, 0.03]
[0.0, 0.29203007518797, 0.08035714285714286, 1.0, 13.0, 4.0, 0.12280701754385964, 0.0, 0.0, 0.0, 1.0, 2.0, 0.1, 0.00141]
[0.0, 0.5827067669172933, 0.25, 2.0, 6.0, 8.0, 0.10526315789473684, 0.0, 0.0, 0.0, 0.0, 2.0, 0.0, 0.0]
[0.0, 0.1754887218045113, 0.04017857142857143, 2.0, 11.0, 4.0, 0.045263157894736845, 1.0, 1.0, 2.0, 0.0, 2.0, 0.1, 0.0]
[1.0, 0.4034586466165413, 0.05357142857142857, 2.0, 3.0, 5.0, 0.0, 0.0, 0.0, 0.0, 0.0, 1.0, 0.15, 0.0]
[1.0, 0.15293233082706767, 0.02089285714285714, 1.0, 13.0, 8.0, 0.0043859649122807015, 0.0, 0.0, 0.0, 0.0, 2.0, 0.12, 1e-05]
[1.0, 0.6353383458646616, 0.44642857142857145, 2.0, 4.0, 8.0, 0.2807017543859649, 1.0, 0.0, 0.0, 1.0, 2.0, 0.012, 0.02028]
[0.0, 0.22180451127819548, 0.10857142857142855, 1.0, 14.0, 8.0, 0.08912280701754385, 1.0, 1.0, 1.0, 0.0, 2.0, 0.035, 0.0]
[1.0, 0.27563909774436085, 0.14285714285714285, 2.0, 7.0, 4.0, 0.08771929824561403, 1.0, 0.0, 0.0, 1.0, 2.0, 0.18, 0.0]
[1.0, 0.11157894736842108, 0.03125, 1.0, 8.0, 8.0, 0.008771929824561403, 0.0, 0.0, 0.0, 0.0, 2.0, 0.14, 0.00204]
[1.0, 0.3070676691729324, 0.3275, 2.0, 8.0, 4.0, 0.15789473684210523, 1.0, 1.0, 12.0, 1.0, 2.0, 0.0, 0.00221]
[1.0, 0.44360902255639095, 0.9003571428571427, 2.0, 11.0, 8.0, 0.007368421052631578, 1.0, 1.0, 1.0, 0.0, 2.0, 0.38, 0.0008999999999999999]
[0.0, 0.36842105263157887, 0.21428571428571427, 2.0, 4.0, 4.0, 0.035087719298245605, 1.0, 0.0, 0.0, 1.0, 2.0, 0.0, 0.0]
[1.0, 0.35593984962406017, 0.07285714285714284, 2.0, 9.0, 4.0, 0.0014035087719298247, 1.0, 0.0, 0.0, 1.0, 2.0, 0.2, 0.058]
[1.0, 0.24180451127819544, 0.07285714285714284, 1.0, 14.0, 8.0, 0.0014035087719298247, 0.0, 0.0, 0.0, 0.0, 2.0, 0.064, 1e-05]
[1.0, 0.3545864661654135, 0.09517857142857145, 2.0, 13.0, 4.0, 0.0057894736842105275, 0.0, 0.0, 0.0, 1.0, 2.0, 0.0, 0.00501]
[1.0, 0.2643609022556391, 0.6964285714285714, 2.0, 8.0, 4.0, 0.24561403508771928, 1.0, 1.0, 16.0, 0.0, 2.0, 0.0, 0.05]
[1.0, 0.33578947368421047, 0.09071428571428575, 2.0, 1.0, 1.0, 0.0, 0.0, 0.0, 0.0, 0.0, 2.0, 0.0, 0.01]
[1.0, 0.10150375939849623, 0.08625, 2.0, 8.0, 4.0, 0.07017543859649121, 1.0, 1.0, 11.0, 1.0, 2.0, 0.1, 0.03]
[1.0, 0.5025563909774436, 0.20839285714285713, 2.0, 9.0, 4.0, 0.19298245614035087, 0.0, 0.0, 0.0, 0.0, 2.0, 0.2325, 0.0015]
[1.0, 0.12406015037593984, 0.2798214285714285, 1.0, 3.0, 5.0, 0.0057894736842105275, 0.0, 0.0, 0.0, 1.0, 2.0, 0.092, 0.0]
[1.0, 0.10150375939849623, 0.35714285714285715, 1.0, 8.0, 4.0, 0.08771929824561403, 1.0, 0.0, 0.0, 0.0, 1.0, 0.02, 0.0]
[1.0, 0.3183458646616541, 0.08928571428571427, 2.0, 9.0, 4.0, 0.0, 1.0, 0.0, 0.0, 1.0, 2.0, 0.1195, 0.002]
[1.0, 0.15533834586466164, 0.03125, 2.0, 7.0, 4.0, 0.002982456140350877, 0.0, 1.0, 4.0, 0.0, 2.0, 0.127, 0.0195]
[1.0, 0.3545864661654135, 0.23214285714285715, 2.0, 7.0, 8.0, 0.14912280701754385, 1.0, 1.0, 12.0, 1.0, 2.0, 0.0465, 0.0]
[0.0, 0.10526315789473684, 0.3407142857142857, 2.0, 3.0, 4.0, 0.0014035087719298247, 0.0, 0.0, 0.0, 0.0, 2.0, 0.1, 0.01]
[1.0, 0.3446616541353384, 0.11607142857142856, 2.0, 11.0, 8.0, 0.31578947368421045, 1.0, 0.0, 0.0, 1.0, 2.0, 0.051, 0.00639]
[1.0, 0.13278195488721803, 0.35857142857142854, 2.0, 14.0, 4.0, 0.0014035087719298247, 1.0, 1.0, 9.0, 0.0, 2.0, 0.03, 0.00396]
[0.0, 0.19804511278195489, 0.4821428571428572, 2.0, 11.0, 8.0, 0.17543859649122806, 1.0, 1.0, 2.0, 0.0, 2.0, 0.0, 0.05]
[0.0, 0.4950375939849624, 0.016428571428571428, 2.0, 13.0, 8.0, 0.014561403508771928, 1.0, 1.0, 11.0, 1.0, 2.0, 0.22, 6e-05]
[0.0, 0.5777443609022557, 0.0, 1.0, 1.0, 1.0, 0.0, 0.0, 0.0, 0.0, 0.0, 2.0, 0.0, 0.0]
[1.0, 0.3822556390977444, 0.08928571428571427, 1.0, 3.0, 8.0, 0.35087719298245607, 0.0, 0.0, 0.0, 1.0, 1.0, 0.1, 0.0]
[1.0, 0.3822556390977444, 0.05803571428571429, 2.0, 8.0, 4.0, 0.05263157894736842, 1.0, 1.0, 10.0, 0.0, 2.0, 0.09300000000000001, 0.047]
[0.0, 0.20932330827067672, 0.07285714285714284, 2.0, 9.0, 4.0, 0.008771929824561403, 0.0, 0.0, 0.0, 1.0, 2.0, 0.08999999999999998, 0.0005]
[1.0, 0.08150375939849627, 0.3392857142857143, 2.0, 9.0, 4.0, 0.05263157894736842, 1.0, 0.0, 0.0, 0.0, 2.0, 0.06, 0.02206]
[1.0, 0.387218045112782, 0.15178571428571427, 2.0, 8.0, 5.0, 0.22807017543859648, 1.0, 1.0, 16.0, 0.0, 2.0, 0.0585, 0.0121]
[1.0, 0.34090225563909776, 0.026785714285714284, 1.0, 2.0, 4.0, 0.020526315789473684, 0.0, 0.0, 0.0, 0.0, 2.0, 0.12, 3e-05]
[1.0, 0.1867669172932331, 0.008928571428571426, 2.0, 3.0, 5.0, 0.0, 1.0, 0.0, 0.0, 1.0, 2.0, 0.0, 0.0]
[1.0, 0.386015037593985, 0.06107142857142857, 1.0, 7.0, 4.0, 0.0057894736842105275, 0.0, 0.0, 0.0, 0.0, 1.0, 0.2, 0.0]
[1.0, 0.42360902255639094, 0.015, 2.0, 8.0, 8.0, 0.007368421052631578, 1.0, 1.0, 6.0, 0.0, 2.0, 0.11, 0.00948]
[1.0, 0.113984962406015, 0.26785714285714285, 2.0, 6.0, 4.0, 0.04964912280701755, 1.0, 1.0, 1.0, 0.0, 2.0, 0.04, 0.098]
[0.0, 0.095187969924812, 0.04464285714285714, 2.0, 8.0, 4.0, 0.0, 0.0, 0.0, 0.0, 0.0, 2.0, 0.0, 0.0]
[0.0, 0.20796992481203003, 0.10714285714285712, 2.0, 7.0, 4.0, 0.09789473684210528, 0.0, 1.0, 1.0, 1.0, 2.0, 0.14, 0.0001]
[1.0, 0.1177443609022556, 0.02821428571428572, 1.0, 13.0, 4.0, 0.02333333333333333, 0.0, 0.0, 0.0, 0.0, 2.0, 0.08, 0.0]
[1.0, 0.21804511278195488, 0.18303571428571427, 2.0, 14.0, 4.0, 0.16666666666666663, 1.0, 1.0, 2.0, 0.0, 2.0, 0.21, 7e-05]
[1.0, 0.19804511278195489, 0.08035714285714286, 2.0, 3.0, 5.0, 0.017543859649122806, 0.0, 0.0, 0.0, 1.0, 2.0, 0.32, 0.04]
[0.0, 0.07022556390977444, 0.33035714285714285, 2.0, 11.0, 4.0, 0.04245614035087719, 1.0, 1.0, 4.0, 0.0, 2.0, 0.03, 0.0054]
[0.0, 0.14285714285714285, 0.20982142857142855, 2.0, 11.0, 4.0, 0.1112280701754386, 1.0, 1.0, 10.0, 0.0, 2.0, 0.06, 0.00245]
[1.0, 0.14781954887218043, 0.06392857142857143, 2.0, 8.0, 4.0, 0.018947368421052633, 0.0, 0.0, 0.0, 1.0, 2.0, 0.068, 1e-05]
[1.0, 0.21924812030075183, 0.17857142857142855, 2.0, 9.0, 4.0, 0.3859649122807017, 1.0, 0.0, 0.0, 1.0, 2.0, 0.035, 0.0]
[1.0, 0.1792481203007519, 0.07892857142857142, 1.0, 6.0, 4.0, 0.14035087719298245, 1.0, 0.0, 0.0, 0.0, 2.0, 0.094, 0.0]
[0.0, 0.22300751879699243, 0.05946428571428571, 2.0, 11.0, 4.0, 0.08473684210526317, 1.0, 0.0, 0.0, 1.0, 2.0, 0.22, 0.0]
[1.0, 0.1378947368421053, 0.11303571428571428, 1.0, 8.0, 4.0, 0.0057894736842105275, 0.0, 0.0, 0.0, 0.0, 2.0, 0.08, 0.01058]
[0.0, 0.16165413533834583, 0.03714285714285714, 1.0, 1.0, 1.0, 0.017543859649122806, 1.0, 1.0, 3.0, 0.0, 2.0, 0.08999999999999998, 0.00147]
[1.0, 0.16541353383458643, 0.019285714285714288, 2.0, 7.0, 4.0, 0.035087719298245605, 0.0, 0.0, 0.0, 1.0, 2.0, 0.06, 1e-05]
[1.0, 0.2744360902255639, 0.0625, 1.0, 10.0, 8.0, 0.0014035087719298247, 1.0, 0.0, 0.0, 1.0, 2.0, 0.1965, 0.0]
[1.0, 0.5162406015037594, 0.13392857142857142, 2.0, 3.0, 5.0, 0.035087719298245605, 0.0, 0.0, 0.0, 0.0, 2.0, 0.05, 2e-05]
[0.0, 0.2206015037593985, 0.125, 2.0, 9.0, 4.0, 0.029298245614035087, 1.0, 0.0, 0.0, 0.0, 1.0, 0.14, 0.0]
[1.0, 0.1754887218045113, 0.019285714285714288, 2.0, 9.0, 4.0, 0.0057894736842105275, 0.0, 1.0, 1.0, 0.0, 2.0, 0.136, 0.00444]
[1.0, 0.07263157894736838, 0.3675, 2.0, 1.0, 1.0, 0.014561403508771928, 0.0, 0.0, 0.0, 0.0, 2.0, 0.04, 0.0]
[1.0, 0.11909774436090229, 0.041607142857142856, 1.0, 4.0, 4.0, 0.08771929824561403, 1.0, 1.0, 1.0, 0.0, 2.0, 0.08999999999999998, 0.0002]
[1.0, 0.16285714285714284, 0.04464285714285714, 2.0, 8.0, 4.0, 0.008771929824561403, 0.0, 0.0, 0.0, 0.0, 2.0, 0.055, 0.0]
[1.0, 0.038796992481202976, 0.14589285714285713, 2.0, 3.0, 8.0, 0.014561403508771928, 0.0, 0.0, 0.0, 1.0, 2.0, 0.06, 0.0]
[1.0, 0.19548872180451127, 0.07142857142857142, 2.0, 2.0, 4.0, 0.02631578947368421, 0.0, 0.0, 0.0, 1.0, 2.0, 0.04, 0.0]
[1.0, 0.517593984962406, 0.125, 2.0, 6.0, 4.0, 0.12280701754385964, 1.0, 0.0, 0.0, 0.0, 1.0, 0.115, 0.0]
[1.0, 0.14661654135338345, 0.09821428571428573, 2.0, 1.0, 1.0, 0.15789473684210523, 0.0, 0.0, 0.0, 0.0, 2.0, 0.08, 0.00025]
[0.0, 0.4097744360902256, 0.07285714285714284, 1.0, 11.0, 8.0, 0.0043859649122807015, 1.0, 1.0, 23.0, 1.0, 2.0, 0.2275, 0.01236]
[1.0, 0.3221052631578948, 0.8973214285714286, 2.0, 14.0, 8.0, 0.05701754385964912, 1.0, 1.0, 1.0, 1.0, 2.0, 0.2575, 0.005]
[1.0, 0.15037593984962405, 0.4285714285714285, 2.0, 8.0, 4.0, 0.0731578947368421, 0.0, 0.0, 0.0, 0.0, 1.0, 0.04, 0.0]
[1.0, 0.07398496240601507, 0.17857142857142855, 2.0, 11.0, 4.0, 0.013157894736842105, 1.0, 1.0, 2.0, 0.0, 2.0, 0.0, 0.00038]
[1.0, 0.24932330827067664, 0.017857142857142856, 2.0, 2.0, 8.0, 0.002982456140350877, 0.0, 0.0, 0.0, 1.0, 1.0, 0.126, 0.0]
[0.0, 0.09022556390977443, 0.026785714285714284, 2.0, 8.0, 4.0, 0.027894736842105264, 1.0, 1.0, 5.0, 1.0, 2.0, 0.07, 5e-05]
[1.0, 0.1867669172932331, 0.029821428571428568, 2.0, 13.0, 4.0, 0.040877192982456144, 0.0, 0.0, 0.0, 0.0, 2.0, 0.05, 0.0]
[1.0, 0.22556390977443608, 0.05357142857142857, 1.0, 8.0, 4.0, 0.05263157894736842, 1.0, 0.0, 0.0, 1.0, 2.0, 0.0, 0.00225]
[1.0, 0.22436090225563912, 0.33339285714285716, 2.0, 11.0, 8.0, 0.1987719298245614, 1.0, 1.0, 6.0, 0.0, 2.0, 0.1905, 0.00168]
[1.0, 0.18421052631578944, 0.03571428571428571, 2.0, 11.0, 4.0, 0.06140350877192982, 1.0, 0.0, 0.0, 1.0, 2.0, 0.14, 0.0]
[1.0, 0.14661654135338345, 0.11303571428571428, 1.0, 4.0, 4.0, 0.014561403508771928, 0.0, 1.0, 1.0, 1.0, 2.0, 0.14, 0.0008]
[1.0, 0.18917293233082705, 0.4642857142857143, 2.0, 10.0, 2.0, 0.0, 0.0, 0.0, 0.0, 1.0, 2.0, 0.07, 0.0111]
[1.0, 0.6102255639097744, 0.24107142857142855, 2.0, 8.0, 8.0, 0.09210526315789472, 1.0, 1.0, 11.0, 1.0, 2.0, 0.0, 0.00284]
[1.0, 0.2679699248120301, 0.013392857142857142, 2.0, 2.0, 4.0, 0.03070175438596491, 1.0, 0.0, 0.0, 1.0, 1.0, 0.464, 0.0]
[0.0, 0.17293233082706763, 0.44642857142857145, 2.0, 2.0, 4.0, 0.035087719298245605, 0.0, 0.0, 0.0, 1.0, 2.0, 0.08999999999999998, 0.01062]
[1.0, 0.29203007518797, 0.11303571428571428, 1.0, 14.0, 4.0, 0.11105263157894736, 1.0, 1.0, 3.0, 1.0, 2.0, 0.19, 0.0]
[1.0, 0.387218045112782, 0.05803571428571429, 2.0, 8.0, 4.0, 0.05263157894736842, 0.0, 0.0, 0.0, 0.0, 2.0, 0.0, 0.00316]
[0.0, 0.05894736842105266, 0.0, 1.0, 5.0, 1.0, 0.0, 0.0, 0.0, 0.0, 0.0, 2.0, 0.043, 0.0]
[1.0, 0.15293233082706767, 0.02375, 2.0, 8.0, 4.0, 0.0057894736842105275, 0.0, 0.0, 0.0, 0.0, 2.0, 0.05, 0.0]
[1.0, 0.1942857142857143, 0.09678571428571427, 1.0, 13.0, 4.0, 0.18421052631578944, 1.0, 1.0, 1.0, 0.0, 2.0, 0.1055, 0.0]
[0.0, 0.13157894736842105, 0.01482142857142857, 2.0, 3.0, 4.0, 0.01175438596491228, 0.0, 0.0, 0.0, 1.0, 1.0, 0.072, 0.0]
[1.0, 0.3935338345864662, 0.019285714285714288, 1.0, 6.0, 4.0, 0.017543859649122806, 1.0, 1.0, 3.0, 0.0, 2.0, 0.1, 0.01]
[0.0, 0.18541353383458645, 0.3094642857142857, 2.0, 6.0, 4.0, 0.04964912280701755, 1.0, 0.0, 0.0, 0.0, 2.0, 0.08, 0.0015]
[1.0, 0.09398496240601505, 0.0, 2.0, 2.0, 4.0, 0.017543859649122806, 0.0, 0.0, 0.0, 0.0, 2.0, 0.072, 0.0]
[1.0, 0.2679699248120301, 0.14285714285714285, 1.0, 3.0, 4.0, 0.002982456140350877, 0.0, 0.0, 0.0, 1.0, 2.0, 0.2055, 0.0]
[1.0, 0.19548872180451127, 0.16071428571428573, 1.0, 8.0, 5.0, 0.08771929824561403, 0.0, 0.0, 0.0, 0.0, 2.0, 0.1, 0.0121]
[0.0, 0.1679699248120301, 0.04464285714285714, 2.0, 1.0, 1.0, 0.0, 1.0, 0.0, 0.0, 0.0, 2.0, 0.04, 0.0]
[0.0, 0.2781954887218045, 0.05357142857142857, 2.0, 8.0, 4.0, 0.008771929824561403, 0.0, 0.0, 0.0, 1.0, 2.0, 0.186, 0.00122]
[1.0, 0.05894736842105266, 0.15928571428571428, 2.0, 8.0, 4.0, 0.008771929824561403, 0.0, 0.0, 0.0, 0.0, 1.0, 0.04, 0.0]
[0.0, 0.36090225563909767, 0.19642857142857145, 2.0, 11.0, 4.0, 0.0043859649122807015, 1.0, 0.0, 0.0, 1.0, 2.0, 0.114, 0.0]
[1.0, 0.1341353383458647, 0.09071428571428575, 1.0, 8.0, 8.0, 0.0907017543859649, 1.0, 0.0, 0.0, 0.0, 2.0, 0.0, 0.0]
[0.0, 0.06270676691729325, 0.3646428571428572, 2.0, 1.0, 1.0, 0.0, 0.0, 0.0, 0.0, 0.0, 2.0, 0.0, 0.0005]
[1.0, 0.16045112781954887, 0.4405357142857143, 2.0, 11.0, 8.0, 0.055614035087719296, 1.0, 0.0, 0.0, 1.0, 2.0, 0.06, 0.0]
[0.0, 0.1804511278195489, 0.017857142857142856, 2.0, 8.0, 8.0, 0.03070175438596491, 1.0, 0.0, 0.0, 1.0, 2.0, 0.2455, 0.0]
[1.0, 0.1867669172932331, 0.44642857142857145, 1.0, 4.0, 8.0, 0.043859649122807015, 0.0, 0.0, 0.0, 1.0, 2.0, 0.0, 0.00017]
[0.0, 0.13533834586466165, 0.2201785714285714, 2.0, 6.0, 4.0, 0.0057894736842105275, 0.0, 0.0, 0.0, 0.0, 2.0, 0.11, 0.01]
[1.0, 0.13909774436090225, 0.026785714285714284, 2.0, 7.0, 4.0, 0.017543859649122806, 1.0, 0.0, 0.0, 1.0, 1.0, 0.16, 0.0]
[1.0, 0.1792481203007519, 0.010357142857142856, 1.0, 8.0, 4.0, 0.05263157894736842, 0.0, 0.0, 0.0, 1.0, 2.0, 0.08, 0.0]
[1.0, 0.5237593984962404, 0.00732142857142857, 1.0, 4.0, 4.0, 0.008771929824561403, 1.0, 1.0, 11.0, 0.0, 2.0, 0.19, 0.02732]
[1.0, 0.11157894736842108, 0.0, 2.0, 8.0, 4.0, 0.017543859649122806, 0.0, 0.0, 0.0, 1.0, 1.0, 0.0, 0.0]
[1.0, 0.32330827067669166, 0.5892857142857143, 1.0, 8.0, 4.0, 0.14035087719298245, 1.0, 0.0, 0.0, 0.0, 2.0, 0.04, 0.0]
[0.0, 0.1378947368421053, 0.41375, 2.0, 13.0, 4.0, 0.0014035087719298247, 1.0, 0.0, 0.0, 0.0, 2.0, 0.04, 0.01349]
[0.0, 0.517593984962406, 0.047678571428571424, 2.0, 3.0, 7.0, 0.01175438596491228, 0.0, 0.0, 0.0, 0.0, 2.0, 0.0, 0.0012]
[1.0, 0.4398496240601504, 0.010357142857142856, 1.0, 13.0, 8.0, 0.06140350877192982, 1.0, 1.0, 8.0, 0.0, 2.0, 0.05, 0.00375]
[1.0, 0.2679699248120301, 0.375, 2.0, 14.0, 4.0, 0.22807017543859648, 1.0, 0.0, 0.0, 0.0, 2.0, 0.0, 0.0]
[1.0, 0.10406015037593988, 0.01482142857142857, 2.0, 8.0, 4.0, 0.0043859649122807015, 0.0, 0.0, 0.0, 0.0, 2.0, 0.0, 0.00044]
[0.0, 0.076390977443609, 0.3407142857142857, 2.0, 6.0, 4.0, 0.002982456140350877, 1.0, 0.0, 0.0, 0.0, 2.0, 0.05, 0.0]
[0.0, 0.2055639097744361, 0.5178571428571429, 2.0, 14.0, 8.0, 0.10824561403508771, 1.0, 1.0, 1.0, 0.0, 2.0, 0.06, 0.00011]
[1.0, 0.4097744360902256, 0.0014285714285714284, 2.0, 10.0, 4.0, 0.0014035087719298247, 0.0, 1.0, 1.0, 0.0, 1.0, 0.28, 0.0]
