0.000000000000000000e+00
2.928932188134525383e-01
4.226497308103742134e-01
5.000000000000000000e-01
5.527864045000421278e-01
5.917517095361369828e-01
6.220355269907728024e-01
6.464466094067262691e-01
6.666666666666666297e-01
6.837722339831621143e-01
6.984886554222363708e-01
7.113248654051871345e-01
7.226499018873854263e-01
7.327387580875756035e-01
7.418011102528389022e-01
7.500000000000000000e-01
7.574643749636670309e-01
7.642977396044841054e-01
7.705842661294383111e-01
7.763932022500210639e-01
7.817821097640076378e-01
7.867992836443895577e-01
7.914855859429251739e-01
7.958758547680684359e-01
8.000000000000000444e-01
8.038838648618159555e-01
8.075499102701247933e-01
8.110177634953863457e-01
8.143046618229481393e-01
8.174258141649446419e-01
8.143093846589218865e-01
8.167588386092958785e-01
8.197069274664463556e-01
8.219313865603413705e-01
8.240640517874964210e-01
8.266666666666666607e-01
8.286187221704796046e-01
8.304966915023790364e-01
8.323051785017838711e-01
8.345483946517493479e-01
8.362180060320928421e-01
8.378303360847689785e-01
8.393886103763729123e-01
8.408958047932595381e-01
8.423546699144581762e-01
8.437677525334182915e-01
8.451374147150421123e-01
8.468825173818750329e-01
8.481632653061224048e-01
8.498070708874366774e-01
8.510078458829021253e-01
8.525599903863572138e-01
8.536885341227375967e-01
8.551574103003232175e-01
8.562204633208408966e-01
8.576134200343406011e-01
8.589677588321871227e-01
8.599403854526442847e-01
8.612284265608264322e-01
8.621492106905577213e-01
8.630484478296963635e-01
8.639269723140069468e-01
8.647855737376207719e-01
8.656249999999999778e-01
8.664459601025756852e-01
8.672491267190418629e-01
8.680351385606717152e-01
8.688046025557262242e-01
8.695580958600040988e-01
8.702961677138009167e-01
8.713010312998192841e-01
8.720058924061971917e-01
8.726969360217645688e-01
8.733746113283544776e-01
8.740393472388332530e-01
8.749547114560562999e-01
8.758511026020222578e-01
8.767291583461372939e-01
8.773363224181104369e-01
8.781826691025103049e-01
8.787654320987653422e-01
8.795819824954308475e-01
8.803828324390191584e-01
8.809303766415066406e-01
8.817040756688584446e-01
8.824634171443511699e-01
8.829789485973903451e-01
8.837134671675690445e-01
8.842100953998262014e-01
8.849211519900551659e-01
8.853999541331201151e-01
8.858714153729029261e-01
8.863357231637301048e-01
8.867930582921700333e-01
8.872435951798655074e-01
8.878958355030202032e-01
8.885373129303073547e-01
8.891683159400057823e-01
8.895871021854053762e-01
8.900000000000000133e-01
8.906051672406091191e-01
8.910047564745603443e-01
8.913988957884430020e-01
8.917877091669050849e-01
8.923617928510436670e-01
8.929271930361579734e-01
8.932972072510950712e-01
8.936624189953240593e-01
8.942064185437400559e-01
8.945606662539319354e-01
8.950906245243632764e-01
8.954344183984535022e-01
8.957739566683189381e-01
8.961093273070992460e-01
8.966145287924491836e-01
8.969403187760032203e-01
8.974331559840672545e-01
8.977497891408796615e-01
8.980627069551008201e-01
8.983719822741562666e-01
8.988429752066114942e-01
8.991438213373481592e-01
8.996038554773883034e-01
9.000579181359125158e-01
9.005061352820081799e-01
9.009486292292429033e-01
9.012280384551736301e-01
9.016606693046478327e-01
9.020879042033446149e-01
9.025098525694495999e-01
9.029266207678290357e-01
9.031867970665565792e-01
9.034442756182151646e-01
9.038483569795938699e-01
9.042476219418532635e-01
9.044951050448765129e-01
9.047401028284288715e-01
9.051275846233237665e-01
9.055105784165426996e-01
9.057463116080339827e-01
9.059797500333535147e-01
9.063517761826991315e-01
9.067196116906337533e-01
9.069444444444444420e-01
9.071671538812657865e-01
9.073877736018994833e-01
9.077423908848809564e-01
9.080931448690235941e-01
9.083058758159796575e-01
9.086500017357496128e-01
9.089904528947310158e-01
9.091957141722419866e-01
9.093991468018567392e-01
9.097306482268113781e-01
9.099296670578775892e-01
9.102551533534559702e-01
9.104499057043385912e-01
9.106429810874873132e-01
9.108344037191187237e-01
9.111491973258746269e-01
9.113366087599966692e-01
9.115224467893165983e-01
9.117067335698918473e-01
9.118894908209245198e-01
9.120707398358071094e-01
9.122505014928276035e-01
9.124287962655467377e-01
9.126056442328607243e-01
9.128994082840236057e-01
9.130727252106046743e-01
9.132446614385404393e-01
9.134152354207445423e-01
9.137000722011179299e-01
9.138673112694973844e-01
9.140332490044771330e-01
9.143115387602660515e-01
9.144742824760616617e-01
9.147481416694168699e-01
9.149077854913159058e-01
9.150662238461179099e-01
9.153339692478882350e-01
9.154894350990802065e-01
9.156437471404408335e-01
9.157969197449699061e-01
9.159489670348068824e-01
9.160999028868487271e-01
9.163566928098727526e-01
9.165048775702868689e-01
9.166519971260838062e-01
9.167980643313240474e-01
9.170478038645887287e-01
9.172954253576041106e-01
9.174373310380268265e-01
9.175782447853585433e-01
9.178207423441355761e-01
9.180612244897959906e-01
9.182997184230160537e-01
9.184352407379754446e-01
9.185698429142081789e-01
9.188035354437183999e-01
9.189358311383947209e-01
9.190672425966294190e-01
9.191977797448300791e-01
9.193274523532157794e-01
9.195538310145813243e-01
9.196813296479652289e-01
9.199046150795199273e-01
9.200299951931785181e-01
9.202502600530864107e-01
9.203735751844492885e-01
9.204961030075484718e-01
9.207121915896706588e-01
9.208327270941788489e-01
9.210459623291530340e-01
9.211645547318936256e-01
9.213750014464580085e-01
9.214916983161146602e-01
9.216076761512443927e-01
9.217229423963024804e-01
9.218375043876931851e-01
9.219513693557821465e-01
9.220645444268634749e-01
9.221770366250821027e-01
9.222888528743131697e-01
9.223999999999999977e-01
9.225104847309493206e-01
9.227084194279604468e-01
9.228172127494268517e-01
9.229253666750518725e-01
9.230328875202563621e-01
9.231397815129902540e-01
9.232460547952876517e-01
9.234375503346596847e-01
9.235422334616975037e-01
9.237314233088477211e-01
9.238345522634641149e-01
9.239370960676208666e-01
9.240390603019719151e-01
9.242241324808975200e-01
9.244079386786122621e-01
9.245904929363699676e-01
9.247718090810662650e-01
9.249519007293930395e-01
9.251307812918972973e-01
9.252268313238835029e-01
9.253223601685733879e-01
9.254173725806005280e-01
9.255118732537774839e-01
9.256058668220951136e-01
9.257793578606997587e-01
9.259517134366542779e-01
9.260435805196040038e-01
9.261349634538531550e-01
9.263046066870116446e-01
9.263947253560083084e-01
9.265624999999999556e-01
9.267292017469114240e-01
9.268173223406013239e-01
9.269049907311102121e-01
9.269922108205185252e-01
9.270789864636955757e-01
9.271653214690309674e-01
9.272512195991546857e-01
9.273366845716420892e-01
9.274971917578199720e-01
9.276567056327289507e-01
9.277403297917571345e-01
9.278235394295895055e-01
9.279063380017859020e-01
9.280628029975855897e-01
9.282183170461577593e-01
9.282993601013924678e-01
9.283800094907649347e-01
9.284602684302849518e-01
9.285401400991220022e-01
9.286920914082630318e-01
9.288431384925943668e-01
9.289932900700632601e-01
9.290708701551244619e-01
9.292195124283290086e-01
9.293672828400163510e-01
9.295141896763412515e-01
9.295895697369770394e-01
9.297350226921631267e-01
9.298094591024159694e-01
9.298835530252376191e-01
9.299573071108868660e-01
9.301001684253208390e-01
9.301730103806228334e-01
9.303144874530762110e-01
9.303864341338579091e-01
9.305265502026630609e-01
9.305976180435112655e-01
9.306683685867598310e-01
9.307388042150125385e-01
9.308764948533663208e-01
9.310134202665932834e-01
9.310824732496663092e-01
9.311512236238301821e-01
9.312196736194167102e-01
9.313542706264468229e-01
9.314219064468770570e-01
9.314892498949879363e-01
9.315563030964492119e-01
9.316230681552737369e-01
9.316895471541006835e-01
9.317557421544737650e-01
9.318216551971151285e-01
9.318872883021941389e-01
9.319526434695940553e-01
9.320177226791722669e-01
9.321466304551200288e-01
9.322748565728592451e-01
9.323387125995670210e-01
9.324023029767845028e-01
9.324656295634856651e-01
9.325286942004115120e-01
9.325914987103004483e-01
9.326540448981130993e-01
9.327163345512550219e-01
9.327783694397958625e-01
9.329022631179259006e-01
9.330255209272469985e-01
9.331481481481480600e-01
9.332086115391582393e-01
9.332688322590109165e-01
9.333288119461021770e-01
9.333885522233251741e-01
9.334480546982593108e-01
9.335679270239597427e-01
9.336267755568367077e-01
9.336853921231239584e-01
9.337437782610306103e-01
9.338019354944697703e-01
9.339195668257652683e-01
9.340366168921817591e-01
9.340937431582430062e-01
9.341506485661738024e-01
9.342663316025617837e-01
9.343226260697232721e-01
9.343787049666657518e-01
9.344345696820794966e-01
9.345485306300201911e-01
9.346619411303151992e-01
9.347168344678650209e-01
9.348293244711458616e-01
9.349412758213452301e-01
9.349952214251319171e-01
9.350489660217076171e-01
9.351025108708791445e-01
9.351558572213922726e-01
9.352090063110573004e-01
9.352619593668701770e-01
9.353147176051349598e-01
9.354236202597508987e-01
9.354758342167669438e-01
9.355278578287469227e-01
9.356355581847597414e-01
9.356870489831017323e-01
9.357383537728053424e-01
9.358448753462603742e-01
9.359509070756031335e-01
9.360013561829407802e-01
9.360516254182084106e-01
9.361017158601315780e-01
9.361516285783748614e-01
9.362013646336385664e-01
9.362509250777557579e-01
9.363545114957924076e-01
9.364035773501677706e-01
9.364524714863259325e-01
9.365011949151983428e-01
9.366033679423285685e-01
9.366516095890442539e-01
9.367530176095564265e-01
9.368539759545957413e-01
9.369014374478286111e-01
9.369487363668805857e-01
9.369958736484085282e-01
9.370428502215115696e-01
9.370896670078103785e-01
9.371886809424654352e-01
9.372350441906910357e-01
9.372812510848433920e-01
9.373792505637880135e-01
9.374250128230551260e-01
9.374706220634421161e-01
9.375676255373186496e-01
9.376127988050136919e-01
9.377091043462336684e-01
9.377538477375459980e-01
9.377984436842885518e-01
9.378937835888879748e-01
9.379887193491024400e-01
9.380326208200890914e-01
9.380763793755308999e-01
9.381703736315671893e-01
9.382639733758924017e-01
9.383070559690992463e-01
9.383999999999999009e-01
9.384426815296489366e-01
9.384852266103279606e-01
9.385772637670296570e-01
9.386194153034729259e-01
9.386614331813626366e-01
9.387033181132568016e-01
9.387450708063995730e-01
9.387866919627704254e-01
9.388281822791356701e-01
9.388695424470969719e-01
9.389594349536276585e-01
9.390004187680078829e-01
9.390412750502576955e-01
9.390820044676612133e-01
9.391226076826165725e-01
9.391630853526833356e-01
9.392034381306261226e-01
9.392436666644601306e-01
9.392837715974952095e-01
9.393237535683790496e-01
9.393636132111413684e-01
9.394033511552354332e-01
9.394429680255813597e-01
9.395296342539279921e-01
9.395688998458199270e-01
9.396080467330063524e-01
9.396939139265190200e-01
9.397327157750802185e-01
9.397714012268908457e-01
9.398099708691600718e-01
9.398484252849508280e-01
9.398867650532176654e-01
9.399249907488427258e-01
9.399631029426736006e-01
9.400470792130530828e-01
9.400848606480167735e-01
9.401225307524953001e-01
9.401600900782483006e-01
9.401975391732075860e-01
9.402348785815113352e-01
9.403174603174602186e-01
9.403997282334930485e-01
9.404816842522523146e-01
9.405182852351545719e-01
9.405997243875632297e-01
9.406808568603048926e-01
9.407169417860656857e-01
9.407529234849411059e-01
9.407888024534326599e-01
9.408245791847011930e-01
9.408602541685955334e-01
9.408958278916815798e-01
9.409313008372695020e-01
9.409666734854420511e-01
9.410019463130824269e-01
9.410371197939005894e-01
9.410721943984610149e-01
9.411508387164801981e-01
9.411856218302483423e-01
9.412203078744855178e-01
9.412548973047457634e-01
9.413326806168818006e-01
9.414101812191727481e-01
9.414874007673118550e-01
9.415213301509873789e-01
9.415551663475870692e-01
9.416317363398826190e-01
9.417080309834866547e-01
9.417414079506321034e-01
9.417746942108399244e-01
9.418078901784999735e-01
9.418409962653548906e-01
9.419162961786197164e-01
9.419491345233423907e-01
9.420239898455804450e-01
9.420565635615839595e-01
9.421309788794869355e-01
9.421632910316026788e-01
9.422372708649801032e-01
9.423109911370779468e-01
9.423428732734469015e-01
9.424161650786345712e-01
9.424477934651777078e-01
9.425206611570248194e-01
9.425520386914755244e-01
9.425833342976386309e-01
9.426145483349084309e-01
9.426866647670347765e-01
9.427176329248546649e-01
9.427485209209079953e-01
9.427793291037940282e-01
9.428100578199949400e-01
9.428812753652108247e-01
9.429117640577429071e-01
9.429421746423005679e-01
9.429725074550530106e-01
9.430027628301493881e-01
9.430329410997329020e-01
9.430630425939581229e-01
9.431330676410041303e-01
9.431629367267716502e-01
9.431927303339443514e-01
9.432224487829706794e-01
9.432520923923991552e-01
9.432816614788923637e-01
9.433111563572412761e-01
9.433405773403796823e-01
9.434092948181379557e-01
9.434384915944011851e-01
9.434676157065744473e-01
9.434966674585198998e-01
9.435647096523238631e-01
9.436325277978634407e-01
9.436612125767332993e-01
9.437286617337786732e-01
9.437958900861684874e-01
9.438242140778179134e-01
9.438524689451497363e-01
9.438806549714966465e-01
9.439087724385709643e-01
9.439368216264757416e-01
9.439648028137167524e-01
9.439927162772133729e-01
9.440587302312426488e-01
9.440864363708884044e-01
9.441140758845775194e-01
9.441416490414269447e-01
9.441691561090358453e-01
9.441965973534972578e-01
9.442239730394078601e-01
9.442889482133075552e-01
9.443161227715135553e-01
9.443432328217528093e-01
9.443702786212527789e-01
9.443972604258094039e-01
9.444241784897969838e-01
9.444510330661776143e-01
9.445149991277013157e-01
9.445416585123598274e-01
9.445682554153710386e-01
9.445947900827328381e-01
9.446581631280945857e-01
9.446845061002709931e-01
9.447107878165559303e-01
9.447370085162194453e-01
9.447631684372272964e-01
9.447892678162487234e-01
9.448518032390320620e-01
9.448777157610827038e-01
9.449035686852094162e-01
9.449656598823251707e-01
9.450275604276039410e-01
9.450892712622829261e-01
9.451146922381912230e-01
9.451400554608938576e-01
9.451653611507173647e-01
9.452265161695445617e-01
9.452874853949915224e-01
9.453124915592624466e-01
9.453731558040169292e-01
9.453979861080910041e-01
9.454227608565582974e-01
9.454830042367652343e-01
9.455430665060384765e-01
9.455675503096474532e-01
9.455919798293183076e-01
9.456163552670375783e-01
9.456406768237437532e-01
9.456649446993354857e-01
9.456891590926770341e-01
9.457483464713081212e-01
9.457723932579042980e-01
9.457963873664430032e-01
9.458203289906037536e-01
9.458442183230741929e-01
9.458680555555556424e-01
9.458918408787693188e-01
9.459155744824639944e-01
9.459737988697559663e-01
9.459973700440812427e-01
9.460208902673662434e-01
9.460443597244724279e-01
9.460677785993254485e-01
9.460911470749223673e-01
9.461486533675251831e-01
9.462059929413925152e-01
9.462631665731038311e-01
9.462861614288349266e-01
9.463091073768373773e-01
9.463659028967412734e-01
9.463886941945165443e-01
9.464114372993766011e-01
9.464341323822994534e-01
9.464567796134180089e-01
9.464793791620251806e-01
9.465354882435602635e-01
9.465579367222337615e-01
9.465803382092817797e-01
9.466360818513855913e-01
9.466583342012081514e-01
9.466805402373089651e-01
9.467027001214033399e-01
9.467248140144195467e-01
9.467799946592859728e-01
9.468019623182681865e-01
9.468238846449197332e-01
9.468457617961785200e-01
9.469004886650684849e-01
9.469222219189884493e-01
9.469439106409052176e-01
9.469655549838883468e-01
9.469871551002747578e-01
9.470413375690793778e-01
9.470953698387732933e-01
9.471492525779365845e-01
9.471705189186006013e-01
9.471917422968987310e-01
9.472129228583723304e-01
9.472340607478764163e-01
9.472874141741001175e-01
9.473084152061527208e-01
9.473293741637520693e-01
9.473502911882448752e-01
9.473711664203177119e-01
9.474239999999999329e-01
9.474447409484573202e-01
9.474654406856845013e-01
9.474860993489845340e-01
9.475067170750245404e-01
9.475272939998383714e-01
9.475478302588309365e-01
9.475999715564018544e-01
9.476519724710870118e-01
9.476722878682211082e-01
9.476925634488596595e-01
9.477127993438361209e-01
9.477329956833863145e-01
9.477845005595335603e-01
9.478045691187191313e-01
9.478245986629373343e-01
9.478445893193487848e-01
9.478645412145373372e-01
9.478844544745136380e-01
9.479353851253399244e-01
9.479551733419649961e-01
9.479749234470710162e-01
9.479946355637175470e-01
9.480143098144113711e-01
9.480647629620959638e-01
9.480843144359928365e-01
9.481038285538261334e-01
9.481233054352526946e-01
9.481427451993965638e-01
9.481621479648515427e-01
9.482120482008294937e-01
9.482313307763159393e-01
9.482505768474375207e-01
9.482697865300514506e-01
9.483193089531607445e-01
9.483384002209338526e-01
9.483574555838463205e-01
9.484066866354584624e-01
9.484557908724221553e-01
9.484746483367751946e-01
9.484934706193591802e-01
9.485422878602022267e-01
9.485609950862308182e-01
9.485796675938512612e-01
9.486282008572496371e-01
9.486766103778092596e-01
9.487248966615533519e-01
9.487432983069065129e-01
9.487616661644832083e-01
9.488096739286877579e-01
9.488575601907222046e-01
9.488757396449704062e-01
9.488938859833603301e-01
9.489119993068858561e-01
9.489300797161134282e-01
9.489481273111847193e-01
9.489661421918181849e-01
9.489841244573119505e-01
9.490020742065459203e-01
9.490199915379836648e-01
9.490378765496747526e-01
9.490557293392576366e-01
9.490735500039605421e-01
9.491204084080467895e-01
9.491671504980012664e-01
9.491847912294710810e-01
