0.000000000000000000e+00
5.000000000000000000e-01
3.333333333333333148e-01
5.000000000000000000e-01
5.999999999999999778e-01
5.000000000000000000e-01
5.714285714285713969e-01
5.000000000000000000e-01
4.444444444444444198e-01
5.000000000000000000e-01
5.454545454545454142e-01
5.833333333333333703e-01
5.384615384615384359e-01
5.000000000000000000e-01
5.333333333333333259e-01
5.000000000000000000e-01
5.294117647058823595e-01
5.555555555555555802e-01
5.263157894736841813e-01
5.000000000000000000e-01
4.761904761904761640e-01
5.000000000000000000e-01
4.782608695652174058e-01
5.000000000000000000e-01
5.200000000000000178e-01
5.000000000000000000e-01
4.814814814814814548e-01
4.642857142857143016e-01
4.827586206896551935e-01
5.000000000000000000e-01
5.161290322580645018e-01
5.000000000000000000e-01
5.151515151515151381e-01
5.000000000000000000e-01
4.857142857142857095e-01
5.000000000000000000e-01
4.864864864864865135e-01
4.736842105263157632e-01
4.615384615384615641e-01
4.749999999999999778e-01
4.634146341463414864e-01
4.523809523809523836e-01
4.418604651162790775e-01
4.318181818181818232e-01
4.222222222222222210e-01
4.130434782608695676e-01
4.042553191489361430e-01
4.166666666666666852e-01
4.081632653061224580e-01
4.199999999999999845e-01
4.117647058823529216e-01
4.230769230769230727e-01
4.150943396226415283e-01
4.259259259259259300e-01
4.181818181818181546e-01
4.285714285714285476e-01
4.385964912280701511e-01
4.310344827586206629e-01
4.406779661016949068e-01
4.333333333333333481e-01
4.262295081967212851e-01
4.193548387096774355e-01
4.126984126984126755e-01
4.062500000000000000e-01
4.000000000000000222e-01
3.939393939393939226e-01
3.880597014925373234e-01
3.823529411764705621e-01
3.768115942028985588e-01
3.714285714285714413e-01
3.802816901408450634e-01
3.750000000000000000e-01
3.698630136986301165e-01
3.648648648648648574e-01
3.599999999999999867e-01
3.684210526315789269e-01
3.766233766233766378e-01
3.846153846153846367e-01
3.797468354430380000e-01
3.875000000000000111e-01
3.827160493827160281e-01
3.902439024390244038e-01
3.975903614457831359e-01
3.928571428571428492e-01
4.000000000000000222e-01
4.069767441860465129e-01
4.022988505747126520e-01
4.090909090909091161e-01
4.044943820224718989e-01
4.111111111111110938e-01
4.065934065934065922e-01
4.021739130434782705e-01
3.978494623655913776e-01
3.936170212765957577e-01
3.894736842105263053e-01
3.958333333333333148e-01
4.020618556701031077e-01
4.081632653061224580e-01
4.040404040404040331e-01
4.000000000000000222e-01
4.059405940594059681e-01
4.019607843137255054e-01
3.980582524271844558e-01
3.942307692307692180e-01
4.000000000000000222e-01
4.056603773584905870e-01
4.018691588785046620e-01
3.981481481481481399e-01
4.036697247706422242e-01
4.000000000000000222e-01
4.054054054054054279e-01
4.017857142857143016e-01
3.982300884955752296e-01
3.947368421052631637e-01
4.000000000000000222e-01
3.965517241379310498e-01
4.017094017094017255e-01
3.983050847457627053e-01
3.949579831932772955e-01
3.916666666666666630e-01
3.966942148760330689e-01
3.934426229508196649e-01
3.983739837398374006e-01
4.032258064516128782e-01
4.079999999999999738e-01
4.126984126984126755e-01
4.094488188976377896e-01
4.140625000000000000e-01
4.186046511627907196e-01
4.230769230769230727e-01
4.274809160305343414e-01
4.242424242424242542e-01
4.210526315789473450e-01
4.253731343283582156e-01
4.296296296296296391e-01
4.264705882352941013e-01
4.233576642335766249e-01
4.275362318840579823e-01
4.316546762589927866e-01
4.285714285714285476e-01
4.255319148936170248e-01
4.295774647887323772e-01
4.335664335664335400e-01
4.305555555555555802e-01
4.275862068965517460e-01
4.246575342465753189e-01
4.285714285714285476e-01
4.324324324324324564e-01
4.295302013422818699e-01
4.333333333333333481e-01
4.370860927152317998e-01
4.342105263157894912e-01
4.313725490196078649e-01
4.350649350649350433e-01
4.322580645161290258e-01
4.358974358974359031e-01
4.331210191082802696e-01
4.303797468354430555e-01
4.276729559748427834e-01
4.312500000000000222e-01
4.285714285714285476e-01
4.259259259259259300e-01
4.233128834355828207e-01
4.207317073170731558e-01
4.181818181818181546e-01
4.156626506024096446e-01
4.131736526946107602e-01
4.107142857142856984e-01
4.142011834319526686e-01
4.117647058823529216e-01
4.093567251461988077e-01
4.069767441860465129e-01
4.104046242774566644e-01
4.080459770114942541e-01
4.057142857142856940e-01
4.090909090909091161e-01
4.067796610169491789e-01
4.101123595505618002e-01
4.078212290502793436e-01
4.055555555555555580e-01
4.088397790055248726e-01
4.065934065934065922e-01
4.043715846994535568e-01
4.021739130434782705e-01
4.000000000000000222e-01
3.978494623655913776e-01
4.010695187165775333e-01
3.989361702127659504e-01
3.968253968253968034e-01
3.947368421052631637e-01
3.979057591623036405e-01
4.010416666666666852e-01
3.989637305699481606e-01
3.969072164948453385e-01
4.000000000000000222e-01
4.030612244897959218e-01
4.060913705583756306e-01
4.040404040404040331e-01
4.020100502512563012e-01
4.050000000000000266e-01
4.029850746268656692e-01
4.009900990099010132e-01
3.990147783251231650e-01
3.970588235294117418e-01
4.000000000000000222e-01
3.980582524271844558e-01
4.009661835748792313e-01
3.990384615384615641e-01
4.019138755980861122e-01
4.000000000000000222e-01
3.981042654028436045e-01
4.009433962264151163e-01
3.990610328638497517e-01
4.018691588785046620e-01
4.000000000000000222e-01
4.027777777777777901e-01
4.009216589861751001e-01
3.990825688073394439e-01
3.972602739726027177e-01
3.954545454545454475e-01
3.936651583710407132e-01
3.918918918918918859e-01
3.901345291479820787e-01
3.883928571428571508e-01
3.866666666666666585e-01
3.849557522123893682e-01
3.876651982378854777e-01
3.859649122807017330e-01
3.842794759825327588e-01
3.826086956521739246e-01
3.809523809523809312e-01
3.793103448275861878e-01
3.819742489270386288e-01
3.803418803418803229e-01
3.829787234042553168e-01
3.813559322033898136e-01
3.797468354430380000e-01
3.781512605042016695e-01
3.807531380753138017e-01
3.833333333333333592e-01
3.858921161825726309e-01
3.884297520661156855e-01
3.909465020576131655e-01
3.934426229508196649e-01
3.918367346938775309e-01
3.902439024390244038e-01
3.886639676113360364e-01
3.870967741935483764e-01
3.855421686746988152e-01
3.880000000000000115e-01
3.904382470119521775e-01
3.888888888888888951e-01
3.873517786561264664e-01
3.897637795275590289e-01
3.882352941176470673e-01
3.906250000000000000e-01
3.929961089494163340e-01
3.914728682170542373e-01
3.899613899613899592e-01
3.884615384615384692e-01
3.869731800766283425e-01
3.854961832061068461e-01
3.840304182509505782e-01
3.825757575757575690e-01
3.849056603773585161e-01
3.872180451127819611e-01
3.857677902621722832e-01
3.843283582089552231e-01
3.828996282527881156e-01
3.851851851851851860e-01
3.874538745387454131e-01
3.860294117647058987e-01
3.846153846153846367e-01
3.832116788321167644e-01
3.818181818181818343e-01
3.840579710144927383e-01
3.862815884476534234e-01
3.884892086330935523e-01
3.870967741935483764e-01
3.892857142857142905e-01
3.914590747330961018e-01
3.936170212765957577e-01
3.922261484098940043e-01
3.943661971830985657e-01
3.929824561403508776e-01
3.916083916083916150e-01
3.902439024390244038e-01
3.923611111111111049e-01
3.910034602076124521e-01
3.931034482758620774e-01
3.917525773195876249e-01
3.938356164383561842e-01
3.924914675767918193e-01
3.911564625850340038e-01
3.898305084745762872e-01
3.918918918918918859e-01
3.939393939393939226e-01
3.926174496644295187e-01
3.913043478260869734e-01
3.900000000000000133e-01
3.920265780730897154e-01
3.907284768211920500e-01
3.894389438943894333e-01
3.881578947368420907e-01
3.868852459016393630e-01
3.856209150326797563e-01
3.843648208469055416e-01
3.831168831168831335e-01
3.818770226537216983e-01
3.806451612903225534e-01
3.794212218649517521e-01
3.814102564102563875e-01
3.833865814696485463e-01
3.821656050955414274e-01
3.809523809523809312e-01
3.797468354430380000e-01
3.785488958990536057e-01
3.773584905660377631e-01
3.761755485893417128e-01
3.750000000000000000e-01
3.738317757009345654e-01
3.757763975155279379e-01
3.777089783281733504e-01
3.796296296296296502e-01
3.784615384615384603e-01
3.773006134969325021e-01
3.761467889908257090e-01
3.750000000000000000e-01
3.738601823708206928e-01
3.757575757575757347e-01
3.746223564954682672e-01
3.734939759036144391e-01
3.723723723723723622e-01
3.712574850299401041e-01
3.731343283582089776e-01
3.750000000000000000e-01
3.738872403560830615e-01
3.727810650887574129e-01
3.746312684365781798e-01
3.735294117647058876e-01
3.724340175953079202e-01
3.713450292397660890e-01
3.731778425655976617e-01
3.750000000000000000e-01
3.739130434782608758e-01
3.757225433526011349e-01
3.775216138328530424e-01
3.764367816091954144e-01
3.753581661891117749e-01
3.742857142857142771e-01
3.732193732193732072e-01
3.721590909090908839e-01
3.711048158640226635e-01
3.700564971751412191e-01
3.718309859154929620e-01
3.707865168539326017e-01
3.697478991596638842e-01
3.715083798882681809e-01
3.704735376044568373e-01
3.694444444444444642e-01
3.711911357340720308e-01
3.729281767955801019e-01
3.719008264462809743e-01
3.708791208791208938e-01
3.698630136986301165e-01
3.688524590163934636e-01
3.678474114441416809e-01
3.668478260869565410e-01
3.685636856368563752e-01
3.675675675675675880e-01
3.665768194070080921e-01
3.655913978494623739e-01
3.672922252010724087e-01
3.663101604278075074e-01
3.679999999999999938e-01
3.696808510638298073e-01
3.687002652519894008e-01
3.677248677248677322e-01
3.667546174142480297e-01
3.657894736842105532e-01
3.648293963254592986e-01
3.664921465968586367e-01
3.655352480417754513e-01
3.645833333333333148e-01
3.662337662337662447e-01
3.652849740932642697e-01
3.643410852713178105e-01
3.659793814432989456e-01
3.650385604113110527e-01
3.666666666666666408e-01
3.657289002557544966e-01
3.647959183673469274e-01
3.664122137404580148e-01
3.680203045685279117e-01
3.670886075949367222e-01
3.661616161616161880e-01
3.677581863979849097e-01
3.693467336683416979e-01
3.684210526315789269e-01
3.699999999999999956e-01
3.690773067331670765e-01
3.681592039800994920e-01
3.697270471464019770e-01
3.688118811881188064e-01
3.679012345679012475e-01
3.669950738916256117e-01
3.660933660933660683e-01
3.651960784313725283e-01
3.643031784841075926e-01
3.634146341463414531e-01
3.649635036496350349e-01
3.640776699029126262e-01
3.631961259079903304e-01
3.623188405797101441e-01
3.614457831325301185e-01
3.605769230769230727e-01
3.597122302158273222e-01
3.588516746411483105e-01
3.579952267303102564e-01
3.571428571428571508e-01
3.562945368171021587e-01
3.554502369668246509e-01
3.546099290780141966e-01
3.561320754716981174e-01
3.552941176470588158e-01
3.544600938967136239e-01
3.559718969555035195e-01
3.551401869158878344e-01
3.543123543123543051e-01
3.534883720930232509e-01
3.526682134570765514e-01
3.518518518518518601e-01
3.510392609699768962e-01
3.502304147465437612e-01
3.517241379310344640e-01
3.509174311926605561e-01
3.501144164759725230e-01
3.493150684931506933e-01
3.485193621867881397e-01
3.477272727272727182e-01
3.492063492063491870e-01
3.506787330316741835e-01
3.521444695259593471e-01
3.513513513513513709e-01
3.528089887640449285e-01
3.542600896860986781e-01
3.534675615212528044e-01
3.526785714285714524e-01
3.518930957683741867e-01
3.511111111111110961e-01
3.503325942350332678e-01
3.495575221238937935e-01
3.487858719646799166e-01
3.480176211453744339e-01
3.472527472527472403e-01
3.464912280701754610e-01
3.457330415754923392e-01
3.471615720524017235e-01
3.464052287581699252e-01
3.456521739130434812e-01
3.449023861171366390e-01
3.463203463203463062e-01
3.477321814254859533e-01
3.491379310344827624e-01
3.483870967741935498e-01
3.476394849785407470e-01
3.490364025695931738e-01
3.504273504273504036e-01
3.496801705756929501e-01
3.489361702127659615e-01
3.481953290870488105e-01
3.474576271186440857e-01
3.488372093023255904e-01
3.481012658227848333e-01
3.494736842105263253e-01
3.487394957983193100e-01
3.501048218029350068e-01
3.493723849372384893e-01
3.507306889352818646e-01
3.520833333333333592e-01
3.513513513513513709e-01
3.526970954356846710e-01
3.519668737060041575e-01
3.533057851239669311e-01
3.525773195876288901e-01
3.518518518518518601e-01
3.511293634496919780e-01
3.524590163934426257e-01
3.517382413087934423e-01
3.510204081632652962e-01
3.503054989816700715e-01
3.495934959349593640e-01
3.509127789046653234e-01
3.502024291497975450e-01
3.494949494949494695e-01
3.487903225806451846e-01
3.480885311871227406e-01
3.473895582329317167e-01
3.466933867735471075e-01
3.479999999999999760e-01
3.473053892215569038e-01
3.466135458167330929e-01
3.459244532803180672e-01
3.452380952380952328e-01
3.445544554455445274e-01
3.438735177865612780e-01
3.431952662721893255e-01
3.444881889763779514e-01
3.438113948919450102e-01
3.431372549019607865e-01
3.424657534246575152e-01
3.437500000000000000e-01
3.450292397660818522e-01
3.443579766536964959e-01
3.456310679611650505e-01
3.468992248062015560e-01
3.462282398452611321e-01
3.455598455598455354e-01
3.448940269749518062e-01
3.442307692307692291e-01
3.435700575815738844e-01
3.429118773946360221e-01
3.422562141491395926e-01
3.435114503816794063e-01
3.428571428571428603e-01
3.422053231939163331e-01
3.415559772296015151e-01
3.409090909090908839e-01
3.402646502835538489e-01
3.396226415094339424e-01
3.408662900188323963e-01
3.402255639097744311e-01
3.395872420262663893e-01
3.389513108614232162e-01
3.383177570093457986e-01
3.376865671641791078e-01
3.370577281191806107e-01
3.382899628252787894e-01
3.376623376623376638e-01
3.370370370370370239e-01
3.364140480591497062e-01
3.376383763837638163e-01
3.370165745856353867e-01
3.363970588235294379e-01
3.357798165137614865e-01
3.351648351648351398e-01
3.345521023765996582e-01
3.357664233576642121e-01
3.351548269581056672e-01
3.345454545454545348e-01
3.357531760435571444e-01
3.369565217391304324e-01
3.381555153707052619e-01
3.375451263537906366e-01
3.369369369369369371e-01
3.363309352517985795e-01
3.375224416517055848e-01
3.387096774193548154e-01
3.381037567084078654e-01
3.392857142857143016e-01
3.386809269162210367e-01
3.380782918149466409e-01
3.392539964476021241e-01
3.404255319148936088e-01
3.398230088495575174e-01
3.392226148409894226e-01
3.386243386243386055e-01
3.380281690140845008e-01
3.374340949033391990e-01
3.368421052631578871e-01
3.380035026269702092e-01
3.374125874125873947e-01
3.368237347294938955e-01
3.362369337979094208e-01
3.356521739130434723e-01
3.350694444444444198e-01
3.344887348353552947e-01
3.339100346020761334e-01
3.350604490500863619e-01
3.344827586206896575e-01
3.339070567986230365e-01
3.333333333333333148e-01
3.327615780445969396e-01
3.321917808219178037e-01
3.333333333333333148e-01
3.344709897610921301e-01
3.356047700170357584e-01
3.350340136054421603e-01
3.344651952461799582e-01
3.355932203389830337e-01
3.350253807106599035e-01
3.344594594594594850e-01
3.338954468802698416e-01
3.333333333333333148e-01
3.327731092436974625e-01
3.338926174496644195e-01
3.333333333333333148e-01
3.327759197324414719e-01
3.338898163606009994e-01
3.333333333333333148e-01
3.327787021630615460e-01
3.322259136212624697e-01
3.316749585406301715e-01
3.327814569536423628e-01
3.322314049586777007e-01
3.316831683168317002e-01
3.311367380560131801e-01
3.322368421052631637e-01
3.316912972085385714e-01
3.311475409836065475e-01
3.306055646481178556e-01
3.300653594771241761e-01
3.311582381729200608e-01
3.322475570032573100e-01
3.333333333333333148e-01
3.327922077922078059e-01
3.322528363047001498e-01
3.317152103559870557e-01
3.311793214862681634e-01
3.322580645161290480e-01
3.317230273752012626e-01
3.311897106109324973e-01
3.306581059390047983e-01
3.301282051282051211e-01
3.311999999999999944e-01
3.306709265175719059e-01
3.301435406698564612e-01
3.296178343949044409e-01
3.290937996820349487e-01
3.285714285714285698e-01
3.280507131537242493e-01
3.291139240506328889e-01
3.301737756714059890e-01
3.296529968454258719e-01
3.291338582677165170e-01
3.286163522012578442e-01
3.281004709576137990e-01
3.291536050156739779e-01
3.286384976525821844e-01
3.281250000000000000e-01
3.276131045241809647e-01
3.271028037383177378e-01
3.265940902021772785e-01
3.276397515527950111e-01
3.271317829457364157e-01
3.266253869969040213e-01
3.261205564142194979e-01
3.256172839506172867e-01
3.266563944530045949e-01
3.261538461538461275e-01
3.256528417818740362e-01
3.251533742331288446e-01
3.246554364471669341e-01
3.241590214067278097e-01
3.251908396946565083e-01
3.246951219512195230e-01
3.242009132420091144e-01
3.237082066869300667e-01
3.247344461305007313e-01
3.242424242424242209e-01
3.237518910741301048e-01
3.247734138972809825e-01
3.257918552036199178e-01
3.253012048192771011e-01
3.248120300751879963e-01
3.258258258258258100e-01
3.253373313343328466e-01
3.248502994011975842e-01
3.258594917787742684e-01
3.268656716417910335e-01
3.278688524590163689e-01
3.273809523809523836e-01
3.268945022288261559e-01
3.278931750741839735e-01
3.288888888888888973e-01
3.284023668639053373e-01
3.279172821270310290e-01
3.274336283185840801e-01
3.269513991163475741e-01
3.264705882352941235e-01
3.259911894273127553e-01
3.255131964809384049e-01
3.250366032210834644e-01
3.245614035087719396e-01
3.240875912408759385e-01
3.236151603498542140e-01
3.231441048034934260e-01
3.241279069767442067e-01
3.251088534107401951e-01
3.246376811594202660e-01
