2.500000000000000000e-01
3.187278095001300215e-01
2.729316518444681594e-01
3.031490930600253542e-01
3.048730909617937135e-01
2.683313155218109980e-01
3.375734729330117645e-01
2.994339621800963247e-01
2.883879717172123658e-01
2.880825710556361718e-01
3.528023373233056259e-01
3.493249614349884236e-01
3.269998610956524887e-01
3.062540182035267122e-01
3.335096688491087646e-01
3.126806041644218936e-01
3.531111568606323803e-01
3.506112828155367733e-01
3.321717349888413384e-01
3.155675422299241695e-01
3.005479315964388332e-01
3.323412074329410992e-01
3.178915897235517485e-01
3.438951116491648641e-01
3.701392896090998641e-01
3.563343193233757811e-01
3.431373748394644374e-01
3.308824685951979316e-01
3.539554868833567070e-01
3.733638254034875037e-01
3.912516443716971826e-01
3.790251483955568990e-01
3.978404037724233566e-01
3.861431588364069301e-01
3.751105058799129588e-01
3.924685473832487115e-01
3.818628525717501776e-01
3.718138302835357067e-01
3.622801423275476274e-01
3.775940906126508678e-01
3.683844786464886556e-01
3.604655971180287244e-01
3.520826762548187605e-01
3.440847011849505477e-01
3.365163576173350601e-01
3.292007846256538306e-01
3.221965126123420564e-01
3.363174185995849719e-01
3.294537978118383670e-01
3.425148033465779673e-01
3.357988268103705987e-01
3.485719261634759869e-01
3.419950973698653307e-01
3.540168244049908264e-01
3.479582170935727747e-01
3.489769356436995262e-01
3.543833434434001672e-01
3.483722097003154605e-01
3.565969660182308765e-01
3.506536832512603397e-01
3.449052622143544133e-01
3.393422741141229326e-01
3.339970082600586254e-01
3.287783058734582431e-01
3.237201780907936755e-01
3.188153269075998386e-01
3.140568891925610284e-01
3.094384055279645884e-01
3.049537909550955050e-01
3.005973082271655716e-01
3.099829452289020182e-01
3.057946241295553258e-01
3.016056574928377976e-01
2.975369055414812114e-01
2.935938558651809416e-01
3.020561141956928375e-01
3.111203043613047781e-01
3.199520953310316385e-01
3.159020688078540418e-01
3.244532929477558225e-01
3.204476972227723319e-01
3.269015361324055235e-01
3.350092728838646727e-01
3.310447931690144174e-01
3.360314013845978609e-01
3.387675296462335783e-01
3.348736499951274759e-01
3.424319039724556535e-01
3.391056308393518570e-01
3.382190627304634267e-01
3.345023697334255086e-01
3.308664744117076340e-01
3.273087703857752717e-01
3.239256971631966353e-01
3.205159529825313824e-01
3.256106288658066616e-01
3.325630966094580976e-01
3.391235927192817190e-01
3.356981018900715430e-01
3.323879166369922977e-01
3.389979372643488476e-01
3.374561065534432136e-01
3.365884514552278661e-01
3.333520240374897581e-01
3.360167004964810245e-01
3.407117714503788419e-01
3.375275492872911731e-01
3.344022942012977451e-01
3.405086951719280552e-01
3.388285883023781087e-01
3.447850831489152057e-01
3.417066449065141454e-01
3.386826922967219877e-01
3.357518210419603299e-01
3.353776728621508108e-01
3.326468389743454379e-01
3.361164610068640424e-01
3.332680164220601093e-01
3.305403337023087862e-01
3.277858309214562449e-01
3.327676592165265679e-01
3.300400554529621111e-01
3.354868696607931633e-01
3.408455857293278268e-01
3.461178154941948470e-01
3.510168775389990725e-01
3.482879357967697542e-01
3.533162466046425032e-01
3.562077743037749822e-01
3.602316539825586861e-01
3.606642824388229807e-01
3.579319772688319135e-01
3.552407593946301789e-01
3.600523955177876156e-01
3.647926526376213396e-01
3.621103537211682322e-01
3.594672124531305135e-01
3.635321718819574666e-01
3.681098366171127179e-01
3.654804806474620804e-01
3.628884205010261543e-01
3.673736115771050748e-01
3.689643010616194263e-01
3.664020489709136630e-01
3.638751382883556595e-01
3.613828501544608662e-01
3.635528166860433341e-01
3.677536906752412182e-01
3.652855451002395837e-01
3.695169738935047965e-01
3.734872753858902716e-01
3.710301222583515246e-01
3.686050887795659370e-01
3.690164156310922761e-01
3.666356645625045707e-01
3.706956923537704784e-01
3.683807234012657084e-01
3.660491998354348797e-01
3.637470036100547977e-01
3.667339072464652072e-01
3.644560568908971065e-01
3.622063281670213075e-01
3.599842034543401792e-01
3.577891778235210429e-01
3.556207586038663826e-01
3.534784648773370841e-01
3.513618273631015088e-01
3.492703879145116486e-01
3.501362373012635865e-01
3.480766123759620467e-01
3.460410766310733632e-01
3.447206885082624850e-01
3.485084301931858364e-01
3.465055081805813453e-01
3.445259306360939910e-01
3.482502151211162023e-01
3.462826997814488772e-01
3.499552688283915081e-01
3.480002114680504910e-01
3.460967286413840771e-01
3.487208963207122370e-01
3.469730686896320138e-01
3.450770409918744730e-01
3.432016222908316760e-01
3.413464783865569063e-01
3.395112822661990326e-01
3.430433074947220606e-01
3.412186090506011960e-01
3.394132195847249789e-01
3.376272943190656295e-01
3.407999526805127744e-01
3.428566776751880707e-01
3.410802182053684350e-01
3.393220727507015866e-01
3.420082515089559183e-01
3.445262368221171934e-01
3.478535148077916972e-01
3.460966788744190281e-01
3.443574995835927965e-01
3.464367139802753681e-01
3.447131482390799473e-01
3.430066475052231389e-01
3.413174215895388719e-01
3.396442969739038586e-01
3.426466670381396740e-01
3.416705562716155220e-01
3.448508917485642589e-01
3.431929547690037996e-01
3.463355722103004242e-01
3.446890158852914943e-01
3.430554186536076133e-01
3.461536071930317870e-01
3.445284728869612012e-01
3.475914239482371104e-01
3.459747196508034528e-01
3.490026144672349062e-01
3.473943074881232218e-01
3.458026804061059001e-01
3.442236865529279544e-01
3.426590334322328624e-01
3.411085400682861146e-01
3.395720151152321620e-01
3.381469237262828553e-01
3.366373631606883188e-01
3.351411971021963643e-01
3.336582714513017245e-01
3.356718311751222816e-01
3.341995957631818115e-01
3.327402306028627299e-01
3.312935341644063225e-01
3.298593630208376259e-01
3.284376671543541848e-01
3.313047180930783209e-01
3.298888860596643768e-01
3.327245132988878029e-01
3.313146636662655520e-01
3.299284530127694071e-01
3.285422003265333624e-01
3.313514088683192083e-01
3.341374348512385350e-01
3.369003497652224843e-01
3.393145434916818859e-01
3.407147861567078606e-01
3.434156305884570881e-01
3.420354188615836732e-01
3.406450309800340692e-01
3.392659012999532098e-01
3.378978936334212646e-01
3.365408739897634005e-01
3.391877021786867119e-01
3.418204204904996546e-01
3.404639902605053337e-01
3.391182828038002417e-01
3.390915468242833852e-01
3.377617940892290171e-01
3.379131698466875111e-01
3.404893831900473455e-01
3.391696568986130589e-01
3.378601215438285510e-01
3.365606595378908827e-01
3.354902861560475347e-01
3.342097888806442874e-01
3.329390292271057206e-01
3.323155967049643000e-01
3.348351604909832746e-01
3.369966532254938252e-01
3.357344934755859267e-01
3.344817720797020333e-01
3.332383454176989779e-01
3.355978965833305572e-01
3.370259619533208517e-01
3.357868961945977837e-01
3.345569075639797663e-01
3.333358969740011779e-01
3.321237664682678004e-01
3.324391792046315630e-01
3.330520331798502154e-01
3.354511265856767177e-01
3.342487928040050460e-01
3.344738567252644734e-01
3.356896571611858726e-01
3.355106656099298701e-01
3.343251194483172206e-01
3.366690450840443827e-01
3.354877513955447088e-01
3.344781463179521963e-01
3.333127172733272858e-01
3.343614979488833683e-01
3.332045377484570969e-01
3.355027588313363451e-01
3.343498284297180545e-01
3.366287916506217059e-01
3.354798879248516719e-01
3.343387998706860986e-01
3.333030162086206283e-01
3.332552807811934859e-01
3.355000440231558634e-01
3.343742049492527402e-01
3.332558991831498507e-01
3.321450461858727610e-01
3.343638227694058496e-01
3.332566577933482321e-01
3.323033660280352297e-01
3.312102628503114654e-01
3.301243275623844675e-01
3.290454903809132969e-01
3.279736809659917762e-01
3.269088705507868786e-01
3.258509130409139032e-01
3.256059768911545027e-01
3.245590123352414813e-01
3.267137902453781106e-01
3.288648445440679469e-01
3.278175045773214502e-01
3.275267480807670939e-01
3.264902711735989671e-01
3.254603617287977202e-01
3.244369014717889410e-01
3.234198578935074675e-01
3.224091708375901866e-01
3.215269988682816216e-01
3.228414272203423141e-01
3.248969691077794875e-01
3.249987385773596693e-01
3.239987424586601161e-01
3.230771901854997963e-01
3.223420675119081369e-01
3.213593173060799169e-01
3.203825412656409188e-01
3.224419162204344436e-01
3.214677714640404305e-01
3.204994950687597433e-01
3.195370444599859305e-01
3.185803467220819640e-01
3.206022692932645191e-01
3.219388580425739388e-01
3.209835520396324693e-01
3.200338965602252950e-01
3.220394397116128071e-01
3.210922648901685106e-01
3.201506453760454285e-01
3.192145326512368930e-01
3.211754543521105898e-01
3.231485077983302645e-01
3.222120058674121656e-01
3.241705829816340922e-01
3.261182093880978239e-01
3.251810880967526685e-01
3.242493371279940861e-01
3.233229104505387363e-01
3.224017625575172352e-01
3.214867471617525174e-01
3.205760198341793266e-01
3.201937919287450307e-01
3.221087389907801302e-01
3.212039463475329093e-01
3.203042154193668778e-01
3.221967789193312948e-01
3.212992948554981298e-01
3.204067968142328970e-01
3.222893242759878318e-01
3.241614270960114785e-01
3.232684204796019700e-01
3.223803689929333194e-01
3.214971351052881565e-01
3.206187276355994542e-01
3.197451075663534925e-01
3.188762350019709313e-01
3.207201731676874168e-01
3.198535302978937622e-01
3.189913914022121100e-01
3.181338876618900469e-01
3.197312225738710989e-01
3.188763262568293233e-01
3.197267700797279399e-01
3.215356323962903495e-01
3.212178436835292916e-01
3.203680610282818586e-01
3.195227627142230853e-01
3.186819133734604126e-01
3.178454779052886092e-01
3.196312099875357471e-01
3.187966637473595988e-01
3.179664641112988077e-01
3.197220522836604628e-01
3.188938524183751455e-01
3.180698372958471465e-01
3.198273859566523880e-01
3.190052075872682469e-01
3.205442144289754047e-01
3.197443926950406246e-01
3.189287182499785378e-01
3.206616178877394474e-01
3.223858230266835601e-01
3.215696563888932324e-01
3.207576118020526446e-01
3.224671805276142500e-01
3.241683741862526058e-01
3.233559951068383786e-01
3.250374382541895146e-01
3.242268710764989459e-01
3.234203365713335665e-01
3.250948062147055451e-01
3.242901161003127197e-01
3.234893997887310357e-01
3.226926278687000105e-01
3.218997712891731311e-01
3.211108179953328090e-01
3.203257063911255087e-01
3.195449268323534708e-01
3.211997297964038767e-01
3.204201487666160642e-01
3.196443130553167644e-01
3.188722253426227726e-01
3.181038610250963572e-01
3.173399999192300092e-01
3.165789927918646329e-01
3.158216267804008215e-01
3.150678758811839564e-01
3.143177142719432160e-01
3.135711163758104214e-01
3.128280613716240555e-01
3.120887444883939654e-01
3.132209366210784718e-01
3.124839461826215414e-01
3.117504157925551356e-01
3.133622376801273868e-01
3.126300829191925312e-01
3.119013414887850666e-01
3.111759895318343960e-01
3.104540265031385804e-01
3.097353829363077016e-01
3.090200587262931786e-01
3.083080309412095099e-01
3.098981274214571147e-01
3.091873518998482506e-01
3.084798293621336951e-01
3.078731214901355151e-01
3.071718684039616565e-01
3.064737505262163375e-01
3.078669347641974641e-01
3.094328466764951768e-01
3.094033206015142090e-01
3.087064662758351452e-01
3.101067464746042890e-01
3.116525991700550557e-01
3.112017501493670735e-01
3.105071034127405150e-01
3.098155508438925620e-01
3.091270772687317314e-01
3.084419505075055579e-01
3.077595568116924807e-01
3.070801808940316069e-01
3.064038987877794051e-01
3.057315965067672336e-01
3.050614733860748662e-01
3.043939428172635631e-01
3.058963468377848827e-01
3.052299570191548961e-01
3.045665100471135478e-01
3.039058451663171900e-01
3.053746040808059670e-01
3.061469192243423398e-01
3.076422922375783298e-01
3.069806959516461764e-01
3.063219408675236788e-01
3.077571445964437102e-01
3.091967353139840058e-01
3.085374672216301128e-01
3.078810045254138372e-01
3.072273293566889496e-01
3.065802430110768362e-01
3.080446077195603816e-01
3.073947245809114936e-01
3.088527028120321427e-01
3.084013180144264399e-01
3.098475688916561555e-01
3.091993522203347333e-01
3.106415090155851821e-01
3.120381166675964546e-01
3.113893887743166000e-01
3.128059070146333998e-01
3.121582757371704209e-01
3.135790651300130460e-01
3.129325117392241506e-01
3.122886176821482729e-01
3.116473679538481756e-01
3.128659420389477974e-01
3.122261343865164740e-01
3.115889381938909408e-01
3.109543375051049829e-01
3.103226164606637250e-01
3.117215563866891359e-01
3.110905410903597734e-01
3.104620753828328805e-01
3.098361437792384598e-01
3.092127313624400964e-01
3.085918222639362773e-01
3.079734017784444555e-01
3.093535807764000167e-01
3.087361085592814636e-01
3.081210963952486503e-01
3.075085371541254609e-01
3.068984011677085011e-01
3.062923684843430472e-01
3.056870475980141277e-01
3.050841145652764541e-01
3.064026704451894845e-01
3.058007009511168883e-01
3.052010924903218458e-01
3.046038300784468800e-01
3.059184796496417502e-01
3.072714650694279848e-01
3.066736606631255690e-01
3.078483176181600611e-01
3.091895903307606552e-01
3.085915451155827327e-01
3.079959882873061772e-01
3.074026030494022566e-01
3.068114441973842088e-01
3.062226899936297819e-01
3.056360849987427852e-01
3.050516947788599054e-01
3.063779320015710406e-01
3.057943549882357614e-01
3.052132834657137472e-01
3.046439985958044883e-01
3.040670213257365972e-01
3.037965544445124788e-01
3.032233533983909601e-01
3.045355504729695961e-01
3.039631152277196824e-01
3.033965867440772679e-01
3.028284283419347966e-01
3.022623938964358326e-01
3.016984715197779665e-01
3.011366494127126758e-01
3.024355974700715932e-01
3.018759097815572612e-01
3.013168906977067296e-01
3.007599278683209532e-01
3.013389270678450416e-01
3.007861050490945876e-01
3.002331894148132507e-01
2.996837184858671677e-01
2.991348472206241116e-01
2.985879827832920719e-01
2.998679317198182925e-01
2.993217241939170048e-01
2.987775028772579056e-01
3.000497803807450348e-01
3.013177794332483894e-01
3.025511039448083306e-01
3.020049828185548124e-01
3.014627795136888277e-01
3.009205802699591592e-01
3.021756600181279562e-01
3.034238899013984025e-01
3.028810922450452803e-01
3.041001627152656872e-01
3.035641878286439166e-01
3.030240380282370749e-01
3.042350558433081775e-01
3.054449975597028355e-01
3.049043869445529076e-01
3.043656866142648298e-01
3.038288864615193430e-01
3.032939764501433877e-01
3.027609518888016993e-01
3.022297923240844786e-01
3.034326130201559502e-01
3.029021364239669056e-01
3.023735114040297933e-01
3.018467285444519921e-01
3.013217777122007557e-01
3.007986496258948095e-01
3.002773348085189253e-01
2.997578238486425795e-01
3.008630288255413343e-01
3.003443002642278148e-01
2.998273565471887281e-01
2.993121894908635228e-01
2.987989355254324630e-01
2.982872935125464031e-01
2.994867730904523517e-01
3.006821501454666201e-01
3.018280971156963033e-01
3.013147853722792924e-01
3.008032170707435893e-01
3.019870557293089508e-01
3.014760793236755942e-01
3.009668291896828718e-01
3.004592965940858229e-01
2.999534728624459468e-01
2.994493493786435367e-01
3.006247699332388890e-01
3.001212108547090529e-01
2.996193359201693718e-01
3.007856653870435992e-01
3.002845185181033383e-01
3.001409189550029444e-01
2.996423459999281724e-01
2.991454266870270939e-01
3.003053552882434807e-01
2.998089828001637702e-01
2.993143998786667592e-01
2.988212956365799977e-01
2.999745500845236168e-01
2.994824162742509288e-01
2.989914614934734982e-01
2.985021158157058485e-01
2.980143672604513849e-01
2.991577395916651394e-01
3.002842773074975158e-01
3.014214944313325928e-01
3.009321738234895238e-01
3.004444393440349192e-01
2.999582832933164189e-01
2.994737005971167543e-01
3.005056699399532572e-01
3.000217638691964894e-01
2.995439943859136700e-01
2.990631854061610029e-01
2.985839174808306296e-01
2.997059400337688806e-01
2.992271765561332342e-01
2.987499414066590031e-01
2.982742249394509382e-01
2.978000210842212669e-01
2.973273226380558354e-01
2.968561224437007429e-01
2.979639991414450573e-01
2.978984420206418071e-01
2.974286406116417592e-01
2.969602490539950956e-01
2.964933304234070310e-01
2.960278777853797005e-01
2.971312823488378996e-01
2.966662882055990380e-01
2.962027471404617418e-01
2.957406861266548281e-01
2.952803692516892120e-01
2.948211464302976648e-01
2.959161445228767340e-01
2.954573598026862258e-01
2.949999991922651055e-01
2.945440488566133941e-01
2.940895055713408368e-01
2.951769086897629846e-01
2.947227903687018036e-01
2.942700671884119767e-01
2.938212244446989918e-01
2.933712685113992746e-01
2.929226885901280442e-01
2.939745798259078002e-01
2.935264478444658542e-01
2.931176715598514670e-01
2.926722039738942627e-01
2.926566846930939714e-01
2.922132654741297353e-01
2.917711911888709597e-01
2.928410232263499169e-01
2.938793790315789578e-01
2.934367896053265423e-01
2.929955312750930907e-01
2.937343600171857250e-01
2.932939786678346317e-01
2.928549313782166097e-01
2.927972987709894781e-01
2.938351744176028180e-01
2.948458251710376898e-01
2.947353268346589727e-01
2.942973842985004973e-01
2.950546047084018353e-01
2.960989629037557025e-01
2.956609466864424940e-01
2.952242244609131760e-01
2.947887906056511631e-01
2.943546392203703621e-01
2.939218015502791381e-01
2.934901983174593165e-01
2.930598607832695102e-01
2.926307837182354765e-01
2.922029609351093349e-01
2.917763873782852624e-01
2.913510573681288851e-01
2.909269655815668321e-01
2.919568989053250019e-01
2.929078261496292912e-01
2.924833220537733092e-01
