5.000000000000000000e-01
3.775406687981454623e-01
4.258395666599621987e-01
3.724640116242757815e-01
4.416371407687764705e-01
2.926131205566442905e-01
1.322290524566888392e-01
1.801593375589747026e-01
5.527639907005020836e-01
5.341666079992746230e-01
1.000000000000000000e+00
5.577399274424403863e-01
2.431021534738478374e-01
1.912016229164691938e-01
8.456292201001912590e-01
1.564077664689593125e-02
1.000000000000000000e+00
4.449203444109025574e-01
1.612061128879756916e-02
9.374423208796629076e-03
1.247873898803281666e-02
9.999999999997439826e-01
9.999891839930092896e-01
9.705545404243227647e-01
2.196762539837205920e-07
1.058775811032447584e-01
4.101006921340948769e-03
4.518912617273893186e-08
5.240980988612976823e-10
3.242279766042420464e-02
3.673149464026090327e-02
1.942455973212700582e-03
3.571272162347869777e-05
1.157911688618409179e-02
5.525930843202380609e-04
3.186312854432079325e-19
7.605219116119420371e-03
7.496399023310389587e-05
3.882461694191801239e-27
9.873388849486678387e-01
1.532049243254580402e-08
1.891862956219914627e-01
2.392259331110880568e-28
1.310622678795028695e-02
5.923884403204875831e-02
9.615842644919091150e-31
2.183349105910919207e-25
9.650995168495348979e-27
2.081413782771235073e-17
8.786564584186301943e-03
2.136065075061797530e-11
3.414074466141764757e-09
1.010497112184187407e-05
4.425614398079661706e-03
8.558007549360991950e-01
3.635988247177136534e-01
1.893569341401628581e-01
7.574685699412291029e-02
8.696504313508274242e-02
9.999999993148822597e-01
9.999999999999997780e-01
9.999999999999387157e-01
9.491027966576585095e-01
2.356217978826813516e-04
9.999994875714274256e-01
1.000000000000000000e+00
1.000000000000000000e+00
1.000000000000000000e+00
1.000000000000000000e+00
1.000000000000000000e+00
9.833501590737927511e-01
9.082185962411789548e-01
2.442318116770594134e-04
9.772400990237201102e-01
9.574773023085021428e-01
9.678457981435280022e-01
9.999993784737125635e-01
1.000000000000000000e+00
1.000000000000000000e+00
1.000000000000000000e+00
1.980507366776633048e-04
9.217713858721665598e-01
7.815980271986096772e-05
9.553572308604869612e-01
1.311464499159794850e-01
7.558693219633104698e-01
1.000000000000000000e+00
1.000000000000000000e+00
2.153917248322666789e-01
4.907706793208040930e-01
9.999999042923889414e-01
1.163527197162876048e-05
1.000000000000000000e+00
9.035640758670150374e-01
1.000000000000000000e+00
8.997804386498734486e-01
1.000000000000000000e+00
9.876698412790441139e-01
2.504941750648354825e-05
9.315925692475771625e-01
1.000000000000000000e+00
4.262994308604868832e-01
4.980839602288579249e-01
3.234723544303757015e-06
7.830345153513867951e-01
8.693142557108886337e-02
1.000000000000000000e+00
1.000000000000000000e+00
9.999999999999997780e-01
6.054154849446911069e-01
9.999997581339682418e-01
1.000000000000000000e+00
1.000000000000000000e+00
9.324472853699224961e-01
5.410404609304817480e-01
8.636147299862301230e-01
1.405858874913528400e-01
9.999999999640072357e-01
9.068669082889897481e-01
1.526446268946583375e-22
9.646694017252566145e-01
7.852928680691469078e-06
9.999991015076848955e-01
9.999838309488269239e-01
9.999371511938693891e-01
1.847076806672470761e-02
9.333570988335649909e-01
4.052351172777786045e-03
8.522460441637300654e-01
6.228355429497699908e-02
6.456825704269744115e-01
1.518351655625257303e-32
1.518577616327973922e-15
5.113886685291441658e-11
6.446673109315848644e-06
6.987532654171843625e-10
9.886574134090955129e-20
4.060872756145640639e-02
8.621868256295769960e-05
2.942826716284635706e-05
7.065953163670429169e-14
1.072290969237225467e-04
7.712601427940227738e-01
1.744241569904304851e-09
1.301633431466486594e-39
1.034765535140154185e-03
1.751558145339914829e-01
7.386194390119955877e-03
1.619157302133304044e-37
6.795499233376036214e-08
1.560551644998004611e-02
4.882566299753320998e-13
2.039103490213182783e-06
3.427714066516716618e-01
9.510336608710800569e-16
7.897596179252089141e-15
9.148791047361615192e-01
2.694139538613461913e-25
1.142576710782674050e-53
9.174157102621105508e-01
2.135873324073599402e-19
6.019142069336549282e-05
8.088244558520901798e-21
3.601504217176388858e-22
8.112030790774119688e-05
2.601113059203415619e-11
8.963819713196196531e-26
6.403199853972099307e-09
2.960121206472375865e-01
2.212312814822159738e-08
5.925724897416508982e-36
6.551314460441447496e-01
7.629255649747716006e-47
1.145632563691528949e-62
8.912793910576437620e-03
1.937449247459509267e-40
2.048504730316570976e-11
4.931384810166303532e-09
3.643280063366501704e-05
7.330281487160385245e-02
9.061297250392893465e-01
8.250249518813805860e-01
6.209387635756841700e-38
5.363253861840037472e-79
2.278730408432209859e-08
2.079673486518204751e-22
9.691714653443205358e-61
1.281791368695263741e-82
2.614444761858887782e-16
9.349818685695095513e-03
2.860664952066942907e-02
1.422755969087923233e-01
1.484344497051126141e-10
5.973880506144832800e-26
9.290462478317733641e-01
9.140751461934407684e-01
8.366822200455684642e-47
6.111542455591098590e-20
3.182366383335527935e-31
1.281052936735400105e-01
1.625570691594193435e-37
1.225679215223564902e-12
9.684349298075716969e-03
1.774737796895023701e-10
9.773076077378319848e-01
6.237449679616804410e-01
1.049194173419098395e-49
4.606450429793987535e-14
7.020203715828419957e-46
2.363776551241945217e-02
7.496363217141663564e-08
6.430756197072117126e-05
5.986433304916904863e-10
3.248146354444022857e-55
5.487088581630205867e-53
8.561215308757762410e-36
6.072393844089190706e-08
2.048422828295177328e-02
1.739701161821271191e-03
3.467396575453540163e-18
1.647206527681279084e-15
2.214315624053442749e-05
8.524309131981537835e-01
9.976854734582087936e-01
4.987237530498004919e-53
2.175996790128492429e-26
1.107664374538217394e-01
9.985312411074768191e-01
9.977697421384004173e-01
9.997769352749495964e-01
2.261108629121682535e-07
9.949086350859522865e-01
9.982286991852481473e-01
9.998507545247814488e-01
9.981288931181101498e-01
1.701306037942807601e-07
5.275167094688908848e-02
9.994399209094972925e-01
2.847949886878542607e-05
1.177616220031374450e-06
3.543931097106888206e-08
4.024209741810582525e-02
1.756375123205773381e-01
9.998604040082301747e-01
9.274482425817215381e-01
6.213259039984515546e-07
2.179450723544142091e-07
1.784081976606565739e-07
9.999513933291587220e-01
9.991235765512701539e-01
9.999999992218637779e-01
9.999496816592647885e-01
9.999390564062378139e-01
4.235216014398198725e-01
9.978553822212575808e-01
6.136073565388519002e-01
9.999999995450916668e-01
5.989933865635958340e-11
3.068863714860150780e-06
2.303449119749405707e-07
2.391510127027622334e-01
6.339413869212700606e-07
1.000000000000000000e+00
4.103082297270758128e-01
1.000000000000000000e+00
9.538302930137906310e-01
3.075399089559120944e-07
9.977285734191888578e-01
9.361411683596090740e-07
9.850467806851693764e-01
1.499390540374710978e-01
9.997250806534675460e-01
9.999940116504141274e-01
9.999231243762910504e-01
9.999111331488481635e-01
3.525606733409966109e-01
7.086605184008835101e-01
9.999999999998105960e-01
9.999612796776097268e-01
3.697090427773412347e-01
8.222613813254162629e-01
5.340543415299437990e-01
9.989502983513599554e-01
9.999999999974140685e-01
5.863971701627675604e-04
2.161959740700182819e-01
9.998974787676174758e-01
7.970956980397626568e-01
5.068666753068225385e-06
9.998443137726149565e-01
9.998906362862174380e-01
9.999035398145105225e-01
9.999999999998467892e-01
3.999845593225385324e-07
1.696544121483276879e-01
5.649542722116336346e-01
9.999749815090487326e-01
1.665138790938219907e-07
9.991163233176417746e-01
9.999998708156683236e-01
9.999983989133818252e-01
1.178983935799114566e-07
2.107350300816167588e-01
1.620875269207000344e-08
9.999942919911289918e-01
9.996126600748990176e-01
9.999999994210890808e-01
9.965253657911359308e-01
1.651511207475515807e-07
5.000792996729436224e-01
9.999985139947120683e-01
9.984236176582972355e-01
3.107137183322024311e-06
9.996918025455538981e-01
4.860341635756673662e-01
9.997868905190228084e-01
9.970038071507211219e-01
2.953281468143834100e-10
1.252631085925820391e-08
6.288839673770672575e-10
8.019293845883794791e-01
8.630022759134702293e-01
6.631258362460766380e-03
4.017774015872071502e-01
1.376902724699497261e-07
8.464659600988155841e-01
7.124377008002767964e-01
9.999994920251333852e-01
1.281903096788383504e-06
9.999881381034064765e-01
9.999569418676560462e-01
9.999092759453497292e-01
9.981446436777228204e-01
2.242661547870329522e-07
9.979601234860288050e-01
8.773232523199262500e-01
9.991426486670285101e-01
1.179753603834130923e-09
9.999565114946670219e-01
9.999794926365116465e-01
1.028309648258590888e-04
3.057638227742024675e-04
9.958969203943330850e-01
9.999529188175297900e-01
7.439195627191344008e-03
9.999398418845978354e-01
9.999984730111031173e-01
5.732325747404147422e-20
7.484121876536252013e-10
9.999956849797727587e-01
8.261506497445121011e-13
1.778604082788579413e-02
9.999770125033765611e-01
5.695730708814562560e-01
5.243881547194658693e-10
9.984006267561054138e-01
9.999293441894803181e-01
9.989203914259850992e-01
9.999982047403037644e-01
1.731734138402796761e-09
3.947461911057712387e-07
4.727448889994198612e-06
1.591833154062118061e-04
9.957953201991613934e-01
9.999984356562781063e-01
9.999653700924466815e-01
9.995972316841443828e-01
9.999377620133355071e-01
9.996446459374311866e-01
7.893753481653846896e-03
2.996926617644187700e-09
9.999984503510639389e-01
4.399800741273424132e-02
5.011238553631752077e-07
7.986192834159546727e-01
9.999294980683297585e-01
4.491428366181303700e-01
1.450197326309506518e-09
1.104970913956619070e-08
9.998850025921115492e-01
6.321058274522737420e-09
9.999975666588901690e-01
9.999997041860715363e-01
9.999408392171479365e-01
9.969292404531673313e-01
6.074889590276440557e-03
9.999997896559836841e-01
9.999993588439356484e-01
1.631592424710114707e-05
9.587585075779353483e-01
9.116036400043517895e-01
9.998988531049015638e-01
9.999791377273926640e-01
9.999992213155557419e-01
9.999668411416265945e-01
4.609384335311299618e-08
9.997281609767929567e-01
9.997711021357232886e-01
5.396434003967743101e-03
2.035444493489402089e-03
9.999994947693654490e-01
2.070009111701501716e-10
9.991154101755567174e-01
2.860442072124261290e-08
9.999004524546700745e-01
9.999839949556845742e-01
1.117676549573692942e-06
2.612929835682503178e-03
9.995854224733273785e-01
9.856442591752239135e-01
9.998344588265806188e-01
9.964863802385359737e-01
1.755425609052955558e-11
7.010742582541295755e-09
9.989833539530321715e-01
1.837500978755149741e-02
9.998332431027763256e-01
1.213327750156603253e-08
9.999970816210999036e-01
9.999996876854505556e-01
1.492081686183618140e-07
9.986199242170291646e-01
9.849861182069792956e-03
1.099785346708628681e-01
1.664017179668130853e-05
9.999962161316250375e-01
8.191073869109740097e-07
1.673954813631707582e-14
9.630374080800161514e-05
9.999999895169057185e-01
9.968497358976814438e-01
7.504809711393099574e-05
9.999999999657647187e-01
9.999999999990296651e-01
9.999999999244646443e-01
1.189773842988508843e-13
9.999459762365087157e-01
2.067408557274787173e-01
4.797568113523072338e-03
4.686182523691363901e-05
4.038132600709603420e-02
9.999999999998834266e-01
5.443829492736929065e-01
4.975661958063982747e-09
9.653140187152198237e-01
2.215002083513325690e-04
6.681520123271454947e-01
9.998898151973617532e-01
2.949862020456946030e-12
9.984373031284652367e-01
9.883850115910060019e-01
2.506712864278013633e-16
9.984946391367618412e-01
9.930642480218215828e-01
9.774975350852339595e-01
9.875319018669839188e-01
5.864547825980291390e-05
3.759575094438029688e-03
9.951605695972119969e-01
9.933404294314964744e-01
1.102846552471048356e-11
8.802510263409495106e-03
1.857785832231200474e-01
1.317070620114184791e-09
9.998611507048024150e-01
9.990907417522514322e-01
1.178844255232111039e-02
9.906995510271042749e-01
1.152201771096187987e-13
4.149401195335341881e-12
7.482362944927105485e-06
4.245673359746187508e-02
9.996122999062185821e-01
1.021828860221849683e-17
3.280835660425076211e-05
6.934163423276571425e-01
9.991311157465811998e-01
2.657911125944522389e-08
3.771434457115431490e-06
9.538904357686919105e-03
3.401255217802095220e-11
9.970713016665426753e-01
1.779103027547078626e-12
8.983309849315538232e-05
9.991810998935566346e-01
6.171742480570192581e-07
9.376268641291318535e-12
9.520039503502363276e-01
1.544352769626185221e-07
6.246799650651017192e-13
3.291854086766177030e-11
9.878515992828321712e-01
4.407402607429134322e-12
1.322284836730857274e-09
1.259545646769789570e-04
1.644571936993663973e-14
9.995845118046505773e-01
9.999824628078867184e-01
1.870044937046831549e-06
9.690191209021685936e-04
5.729866828527769687e-17
4.706175384037089289e-05
9.980511259006363822e-01
3.196965221581122708e-12
9.708127413384967097e-01
1.370909682052547220e-06
1.215787758600132165e-17
9.873755625703536376e-01
9.995550705303402061e-01
9.993787547512078540e-01
4.711654020597195284e-06
1.121063389101414377e-02
1.756934596413268979e-14
9.999848336417941352e-01
9.547889779976969082e-01
2.748171758966236366e-05
4.626918720202827435e-04
9.903507477830351124e-01
9.946102119569092403e-01
1.271326373515682273e-12
9.916033315335340825e-01
3.857805412983220279e-03
1.367411545808757343e-15
2.602509749643379757e-10
7.455384039687831020e-07
1.227738333947346258e-02
9.278878857367507393e-01
9.440788330115563239e-12
4.012356429309016370e-01
3.080605112531928332e-07
1.648134643615473614e-13
5.179740807056468932e-10
9.552402698144643045e-01
4.829253861177369759e-14
7.686346038245286898e-13
2.799454179046394916e-06
5.070920933890795365e-06
1.464797137433168784e-05
9.723606555639819904e-01
9.976326170030546114e-01
5.140444146327695954e-12
2.160500691942298379e-01
3.400839435108649056e-02
2.333072728980870045e-07
9.722235146355767688e-01
8.753944807010187186e-05
9.999999998618225305e-01
9.999999999998323563e-01
9.999999994564918726e-01
5.607896280936684795e-06
9.999011987684772729e-01
9.999926286541348519e-01
8.361843046618088610e-03
9.999994080855032497e-01
9.671039726120406188e-01
9.084045874021997222e-23
7.913619816544279067e-15
6.562478891321039823e-04
1.314594348749961282e-15
7.245974287432880093e-03
5.846581326266507561e-02
4.705178657064309026e-10
7.615463686968745177e-03
6.701362182606451431e-03
3.800436702222990244e-11
1.231628303787356362e-06
9.999972539210403299e-01
5.533454659251976954e-19
9.982676470564071369e-01
2.226562683428822363e-10
5.494892028758822065e-03
1.319163495694367734e-17
9.999999890038092643e-01
9.996126934273488196e-01
8.247706451330747907e-11
9.999999863458843841e-01
7.218882010065395685e-15
9.999999997380115691e-01
3.063345143695611270e-02
9.993193652308922648e-01
2.577832281074795689e-05
3.602303509054211603e-04
9.907735356420920292e-01
3.627877170554464081e-13
8.576743026617513689e-06
1.113639760136224792e-05
9.865865505217049636e-01
9.991100637746511692e-01
1.027505588231954854e-03
3.660541856870430416e-04
9.999999999964577224e-01
1.782128424378224604e-22
7.947198835514160244e-07
5.004280210652809120e-16
1.832127589829760374e-18
9.999999999587427801e-01
7.135340956039237975e-06
1.738281929178003942e-08
8.750395582028388597e-04
9.876437762851068836e-03
5.374190005039550799e-01
4.117182417685304829e-11
1.790421524320554266e-05
1.288573912396794507e-04
1.705257295861831445e-14
9.904222981368288048e-01
3.534572085813359062e-04
6.862145579510644625e-12
9.837193480322889982e-01
2.430351871809743921e-13
9.988809033047301167e-01
9.999999999973696596e-01
9.994506522557558004e-01
4.584560541299053001e-03
9.998363908490625063e-01
7.346045268124642043e-17
3.719760114910667100e-13
3.265317408182240345e-18
9.987373259573820716e-01
3.082783100434157916e-02
4.820824046894481187e-15
9.466226146453343704e-01
4.369508305678675985e-09
1.815493905331850932e-10
9.999240036458886260e-01
9.999449192714905399e-01
9.991410263346329756e-01
3.344273135737564013e-13
5.114459975701537838e-15
6.929817004985608896e-19
2.136069417524474643e-12
1.484003424024570895e-03
4.935749397265629113e-01
9.933405169398986656e-01
9.999611928501808134e-01
4.519551186385811183e-13
1.942416600879382238e-14
5.364157736388383941e-09
1.575411125132481773e-04
9.999192673990425773e-01
9.953484099259766182e-01
9.852605156556795141e-01
9.996916220631489880e-01
4.097439445739124027e-08
1.243622552617008006e-14
9.984490420206187933e-01
3.633532429976991268e-04
4.548313443749904093e-10
9.999070603947818325e-01
1.060196153831979258e-08
2.039551311799556711e-08
4.030630580325055001e-02
3.390942002615655441e-19
9.234730261887793457e-18
9.909144504072536774e-01
1.601666946506363776e-09
8.420113015030074033e-01
7.734821730632177956e-16
4.685444534802846173e-01
1.329185743558226106e-05
1.470686259659771677e-03
1.035352153015203872e-14
9.408801728407750406e-03
7.947493435328448399e-13
9.999997498290016384e-01
8.860335622925364918e-01
9.357344268747283422e-13
9.967767713336875834e-01
4.957196046411807555e-01
5.930594977416119365e-03
1.410861147265138338e-02
4.696711010105816264e-01
5.007277568958257082e-08
1.029693759006853476e-01
1.806715502134691695e-06
3.526365093506320531e-13
1.773177170744278326e-06
2.656938660315253070e-04
2.280112181837151525e-08
9.949976447210416852e-01
4.011060473579289174e-14
8.256215149914039599e-20
9.995252737343220950e-01
9.999922565504261174e-01
9.997270336453758510e-01
9.999797269414094636e-01
2.518654377542267797e-13
9.997605174876516010e-01
2.678585592328553561e-02
9.999969893502309581e-01
