[1.0, 0.0, 0.0, 1.0, 1.0, 1.0, 1.0]
[1.0, 0.0, 1.0, 0.0, 1.0, 0.0, 1.0]
[1.0, 0.0, 1.0, 0.0, 0.0, 0.0, 0.0]
[1.0, 0.0, 1.0, 1.0, 1.0, 1.0, 1.0]
[1.0, 0.0, 1.0, 0.0, 1.0, 1.0, 1.0]
[1.0, 0.0, 1.0, 1.0, 1.0, 0.0, 1.0]
[1.0, 0.0, 1.0, 1.0, 1.0, 1.0, 1.0]
[1.0, 0.0, 1.0, 1.0, 1.0, 1.0, 1.0]
[0.0, 0.0, 0.0, 0.0, 1.0, 1.0, 0.0]
[1.0, 0.0, 1.0, 0.0, 0.0, 0.0, 0.0]
[1.0, 0.0, 1.0, 1.0, 1.0, 1.0, 1.0]
[1.0, 0.0, 1.0, 1.0, 1.0, 0.0, 1.0]
[1.0, 0.0, 1.0, 1.0, 0.0, 0.0, 1.0]
[1.0, 0.0, 1.0, 1.0, 1.0, 1.0, 1.0]
[1.0, 0.0, 1.0, 1.0, 0.0, 1.0, 0.0]
[1.0, 0.0, 1.0, 0.0, 1.0, 0.0, 1.0]
[1.0, 0.0, 1.0, 1.0, 1.0, 0.0, 1.0]
[1.0, 0.0, 1.0, 1.0, 1.0, 1.0, 1.0]
[1.0, 0.0, 1.0, 1.0, 1.0, 1.0, 1.0]
[1.0, 0.0, 0.0, 0.0, 0.0, 0.0, 0.0]
[1.0, 0.0, 1.0, 1.0, 1.0, 1.0, 1.0]
[1.0, 0.0, 1.0, 0.0, 1.0, 1.0, 1.0]
[1.0, 0.0, 1.0, 0.0, 1.0, 1.0, 1.0]
[1.0, 0.0, 1.0, 0.0, 1.0, 0.0, 1.0]
[0.0, 0.0, 1.0, 1.0, 0.0, 0.0, 0.0]
[1.0, 0.0, 1.0, 1.0, 1.0, 1.0, 1.0]
[1.0, 0.0, 1.0, 0.0, 1.0, 1.0, 1.0]
[1.0, 0.0, 1.0, 1.0, 1.0, 0.0, 1.0]
[1.0, 0.0, 1.0, 0.0, 1.0, 1.0, 1.0]
[1.0, 0.0, 1.0, 0.0, 1.0, 0.0, 1.0]
[1.0, 0.0, 1.0, 0.0, 0.0, 0.0, 0.0]
[1.0, 0.0, 1.0, 1.0, 1.0, 0.0, 1.0]
[1.0, 0.0, 0.0, 1.0, 0.0, 1.0, 1.0]
[1.0, 0.0, 1.0, 1.0, 0.0, 0.0, 1.0]
[1.0, 0.0, 1.0, 0.0, 1.0, 0.0, 1.0]
[1.0, 0.0, 1.0, 1.0, 1.0, 1.0, 1.0]
[1.0, 0.0, 1.0, 1.0, 1.0, 0.0, 1.0]
[0.0, 0.0, 0.0, 1.0, 0.0, 0.0, 0.0]
[1.0, 0.0, 1.0, 0.0, 1.0, 0.0, 1.0]
[1.0, 0.0, 1.0, 1.0, 1.0, 0.0, 1.0]
[1.0, 0.0, 1.0, 1.0, 1.0, 1.0, 1.0]
[1.0, 0.0, 1.0, 1.0, 1.0, 0.0, 1.0]
[1.0, 0.0, 1.0, 0.0, 1.0, 1.0, 1.0]
[1.0, 0.0, 1.0, 1.0, 1.0, 1.0, 1.0]
[1.0, 0.0, 1.0, 0.0, 1.0, 0.0, 1.0]
[1.0, 0.0, 1.0, 1.0, 1.0, 1.0, 1.0]
[1.0, 0.0, 1.0, 1.0, 1.0, 0.0, 1.0]
[1.0, 0.0, 1.0, 0.0, 1.0, 0.0, 1.0]
[1.0, 0.0, 1.0, 1.0, 0.0, 0.0, 0.0]
[1.0, 0.0, 1.0, 1.0, 1.0, 1.0, 0.0]
[1.0, 0.0, 1.0, 0.0, 1.0, 1.0, 1.0]
[1.0, 0.0, 1.0, 1.0, 1.0, 1.0, 1.0]
[1.0, 0.0, 1.0, 1.0, 1.0, 1.0, 1.0]
[1.0, 0.0, 1.0, 0.0, 0.0, 1.0, 1.0]
[1.0, 0.0, 1.0, 1.0, 1.0, 1.0, 1.0]
[1.0, 0.0, 1.0, 0.0, 1.0, 1.0, 1.0]
[1.0, 0.0, 1.0, 0.0, 0.0, 0.0, 0.0]
[1.0, 0.0, 1.0, 1.0, 0.0, 0.0, 1.0]
[0.0, 0.0, 0.0, 0.0, 0.0, 0.0, 0.0]
[1.0, 0.0, 1.0, 1.0, 1.0, 0.0, 1.0]
[1.0, 0.0, 1.0, 1.0, 1.0, 1.0, 1.0]
[0.0, 0.0, 1.0, 0.0, 1.0, 0.0, 1.0]
[1.0, 0.0, 1.0, 0.0, 1.0, 0.0, 1.0]
[0.0, 0.0, 0.0, 0.0, 0.0, 1.0, 1.0]
[1.0, 0.0, 1.0, 0.0, 0.0, 0.0, 1.0]
[1.0, 0.0, 1.0, 1.0, 1.0, 1.0, 1.0]
[1.0, 0.0, 1.0, 0.0, 0.0, 1.0, 0.0]
[1.0, 0.0, 1.0, 0.0, 1.0, 0.0, 1.0]
[1.0, 0.0, 1.0, 0.0, 1.0, 1.0, 1.0]
[0.0, 0.0, 1.0, 1.0, 1.0, 0.0, 1.0]
[1.0, 0.0, 1.0, 1.0, 1.0, 0.0, 1.0]
[1.0, 0.0, 1.0, 0.0, 1.0, 0.0, 1.0, 0.0, 1.0, 0.0, 1.0, 0.472725, 0.645455, 0.645455]
[0.0, 0.0, 0.0, 0.0, 1.0, 1.0, 1.0, 0.0, 0.0, 1.0, 1.0, 0.0, 0.0, 0.0]
[1.0, 0.0, 1.0, 1.0, 1.0, 1.0, 1.0, 1.0, 1.0, 0.0, 1.0, 0.535165, 0.978565, 0.5732200000000001]
[1.0, 0.0, 1.0, 1.0, 0.0, 1.0, 1.0, 1.0, 0.0, 1.0, 1.0, 0.466955, 0.48132, 0.52155]
[0.0, 0.0, 0.0, 0.0, 0.0, 0.0, 0.0, 0.0, 0.0, 0.0, 0.0, 0.5, 0.5, 0.5]
[1.0, 0.0, 1.0, 1.0, 1.0, 1.0, 1.0, 1.0, 1.0, 1.0, 0.0, 0.925055, 0.32221, 0.888405]
[1.0, 0.0, 1.0, 0.0, 1.0, 1.0, 1.0, 1.0, 1.0, 0.0, 1.0, 0.471465, 0.911685, 0.44701]
[1.0, 0.0, 1.0, 1.0, 1.0, 1.0, 1.0, 1.0, 1.0, 1.0, 1.0, 0.726085, 0.86149, 0.76142]
[1.0, 0.0, 1.0, 0.0, 1.0, 1.0, 1.0, 1.0, 1.0, 1.0, 1.0, 0.71967, 0.8189349999999999, 0.502755]
[1.0, 0.0, 1.0, 1.0, 1.0, 0.0, 1.0, 0.0, 1.0, 1.0, 1.0, 0.52987, 0.77922, 0.44026]
[1.0, 0.0, 1.0, 0.0, 1.0, 1.0, 1.0, 1.0, 1.0, 1.0, 1.0, 0.0, 1.0, 0.297205]
[1.0, 0.0, 1.0, 1.0, 1.0, 0.0, 1.0, 1.0, 1.0, 1.0, 1.0, 0.4611, 0.84535, 0.56262]
[1.0, 0.0, 1.0, 1.0, 1.0, 1.0, 1.0, 1.0, 0.0, 1.0, 0.0, 0.962265, 0.16691999999999996, 0.89383]
[1.0, 0.0, 1.0, 0.0, 1.0, 0.0, 1.0, 1.0, 1.0, 0.0, 1.0, 0.444445, 1.0, 0.38889]
[1.0, 0.0, 1.0, 1.0, 1.0, 1.0, 1.0, 1.0, 0.0, 1.0, 0.0, 0.8059050000000002, 0.03058999999999995, 0.597045]
[1.0, 0.0, 1.0, 1.0, 1.0, 1.0, 1.0, 1.0, 1.0, 1.0, 1.0, 0.70099, 0.881105, 0.70276]
[1.0, 0.0, 1.0, 1.0, 1.0, 1.0, 1.0, 0.0, 1.0, 1.0, 1.0, 0.598255, 1.0, 0.60164]
[1.0, 0.0, 1.0, 0.0, 1.0, 0.0, 1.0, 0.0, 1.0, 1.0, 1.0, 0.548545, 0.823625, 0.57929]
[1.0, 0.0, 1.0, 0.0, 1.0, 1.0, 1.0, 1.0, 1.0, 0.0, 1.0, 0.522725, 0.8967149999999998, 0.54218]
[1.0, 0.0, 1.0, 0.0, 1.0, 1.0, 1.0, 1.0, 1.0, 0.0, 1.0, 0.5, 0.89928, 0.52514]
[0.0, 0.0, 1.0, 1.0, 1.0, 0.0, 0.0, 0.0, 0.0, 0.0, 1.0, 1.0, 1.0, 1.0]
[1.0, 0.0, 0.0, 0.0, 0.0, 0.0, 0.0, 0.0, 1.0, 0.0, 0.0, 0.30914, 0.5, 0.5]
[1.0, 0.0, 1.0, 0.0, 1.0, 1.0, 1.0, 0.0, 1.0, 1.0, 1.0, 0.364865, 0.756755, 0.5]
[1.0, 0.0, 1.0, 1.0, 1.0, 0.0, 1.0, 1.0, 1.0, 1.0, 1.0, 0.53904, 0.946615, 0.55173]
[1.0, 0.0, 0.0, 1.0, 0.0, 1.0, 0.0, 0.0, 1.0, 0.0, 1.0, 0.512875, 0.495575, 0.51363]
[1.0, 0.0, 1.0, 0.0, 1.0, 1.0, 1.0, 0.0, 1.0, 1.0, 1.0, 0.411225, 0.798775, 0.275275]
[1.0, 0.0, 1.0, 1.0, 1.0, 0.0, 1.0, 0.0, 1.0, 1.0, 1.0, 0.559745, 0.940255, 0.46938]
[1.0, 0.0, 1.0, 1.0, 1.0, 1.0, 1.0, 1.0, 1.0, 1.0, 1.0, 0.8135949999999998, 0.71635, 0.87338]
[1.0, 0.0, 1.0, 1.0, 1.0, 1.0, 1.0, 1.0, 1.0, 1.0, 1.0, 0.685535, 0.92125, 0.734495]
[1.0, 0.0, 1.0, 1.0, 1.0, 0.0, 1.0, 1.0, 1.0, 0.0, 1.0, 0.5, 0.9278550000000002, 0.46643]
[1.0, 0.0, 1.0, 0.0, 1.0, 1.0, 0.0, 1.0, 1.0, 0.0, 1.0, 0.0, 0.0, 0.0]
[1.0, 0.0, 1.0, 1.0, 1.0, 1.0, 1.0, 1.0, 1.0, 0.0, 1.0, 0.50665, 0.81929, 0.41907]
[1.0, 0.0, 1.0, 1.0, 1.0, 1.0, 1.0, 1.0, 1.0, 1.0, 1.0, 0.6438900000000001, 1.0, 0.693215]
[1.0, 0.0, 1.0, 0.0, 1.0, 1.0, 1.0, 1.0, 1.0, 0.0, 1.0, 0.411765, 0.985295, 0.57353]
[1.0, 0.0, 1.0, 1.0, 1.0, 0.0, 1.0, 0.0, 1.0, 0.0, 1.0, 0.5, 0.6458349999999999, 0.552085]
[1.0, 0.0, 0.0, 0.0, 1.0, 1.0, 1.0, 0.0, 0.0, 0.0, 0.0, 1.0, 1.0, 1.0]
[1.0, 0.0, 1.0, 1.0, 1.0, 1.0, 1.0, 1.0, 1.0, 1.0, 1.0, 0.53174, 0.96383, 0.560335]
[1.0, 0.0, 1.0, 1.0, 1.0, 1.0, 1.0, 1.0, 1.0, 0.0, 1.0, 0.42857, 1.0, 0.51267]
[1.0, 0.0, 1.0, 1.0, 1.0, 1.0, 1.0, 1.0, 0.0, 1.0, 0.0, 0.71024, 0.119745, 0.5]
[1.0, 0.0, 1.0, 1.0, 1.0, 1.0, 1.0, 1.0, 0.0, 1.0, 0.0, 0.89673, 0.14719499999999996, 0.7578]
[1.0, 0.0, 1.0, 1.0, 1.0, 1.0, 1.0, 1.0, 1.0, 0.0, 1.0, 0.51241, 0.989605, 0.497655]
[1.0, 0.0, 1.0, 1.0, 1.0, 1.0, 1.0, 1.0, 1.0, 0.0, 1.0, 0.555735, 0.94231, 0.7682]
[1.0, 0.0, 1.0, 1.0, 1.0, 1.0, 1.0, 1.0, 1.0, 0.0, 1.0, 0.55319, 0.938285, 0.51456]
[1.0, 0.0, 1.0, 1.0, 1.0, 1.0, 1.0, 1.0, 1.0, 1.0, 1.0, 1.0, 1.0, 1.0]
[1.0, 0.0, 1.0, 1.0, 1.0, 1.0, 1.0, 1.0, 1.0, 0.0, 1.0, 0.54, 0.8698049999999998, 0.5253]
[1.0, 0.0, 0.0, 1.0, 1.0, 0.0, 0.0, 1.0, 1.0, 1.0, 1.0, 0.5, 0.484375, 0.546875]
[1.0, 0.0, 1.0, 1.0, 1.0, 1.0, 1.0, 1.0, 1.0, 0.0, 1.0, 0.537265, 0.935105, 0.50497]
[0.0, 0.0, 0.0, 0.0, 0.0, 0.0, 1.0, 1.0, 0.0, 1.0, 0.0, 1.0, 1.0, 0.0]
[1.0, 0.0, 1.0, 1.0, 1.0, 1.0, 1.0, 1.0, 1.0, 1.0, 1.0, 0.75061, 0.78949, 0.80407]
[1.0, 0.0, 1.0, 1.0, 1.0, 0.0, 1.0, 1.0, 1.0, 1.0, 1.0, 0.51765, 0.986065, 0.523595]
[1.0, 0.0, 1.0, 0.0, 1.0, 0.0, 1.0, 1.0, 1.0, 0.0, 1.0, 0.57059, 0.7333349999999998, 0.541175]
[0.0, 0.0, 0.0, 0.0, 0.0, 0.0, 0.0, 0.0, 0.0, 0.0, 0.0, 0.5, 0.0, 0.0]
[1.0, 0.0, 1.0, 1.0, 1.0, 0.0, 1.0, 0.0, 1.0, 1.0, 1.0, 0.514125, 0.8370999999999998, 0.4774]
[1.0, 0.0, 1.0, 1.0, 1.0, 1.0, 1.0, 1.0, 1.0, 1.0, 1.0, 0.683595, 0.58143, 0.713695]
[1.0, 0.0, 1.0, 1.0, 1.0, 0.0, 0.0, 0.0, 0.0, 0.0, 1.0, 1.0, 1.0, 0.0]
[1.0, 0.0, 1.0, 0.0, 1.0, 1.0, 1.0, 1.0, 1.0, 1.0, 1.0, 0.606125, 0.8597349999999998, 0.6447700000000001]
[1.0, 0.0, 0.0, 0.0, 0.0, 0.0, 0.0, 0.0, 0.0, 0.0, 1.0, 0.333335, 0.583335, 0.6302099999999999]
[1.0, 0.0, 1.0, 0.0, 1.0, 0.0, 1.0, 0.0, 1.0, 0.0, 1.0, 0.328595, 0.92894, 0.263675]
[1.0, 0.0, 1.0, 0.0, 1.0, 0.0, 1.0, 0.0, 1.0, 0.0, 1.0, 0.483785, 0.994595, 0.543245]
[1.0, 0.0, 1.0, 1.0, 1.0, 0.0, 1.0, 0.0, 1.0, 1.0, 1.0, 0.544325, 0.973405, 0.496455]
[1.0, 0.0, 1.0, 1.0, 1.0, 1.0, 1.0, 1.0, 1.0, 1.0, 0.0, 0.980835, 0.26399, 0.91795]
[1.0, 0.0, 1.0, 1.0, 1.0, 1.0, 1.0, 0.0, 1.0, 0.0, 1.0, 0.512135, 0.667475, 0.52427]
[1.0, 0.0, 1.0, 0.0, 0.0, 0.0, 1.0, 0.0, 1.0, 1.0, 0.0, 0.025735000000000063, 0.5, 0.5]
[1.0, 0.0, 1.0, 0.0, 1.0, 1.0, 1.0, 0.0, 1.0, 0.0, 1.0, 0.250685, 0.89981, 0.437365]
[1.0, 0.0, 1.0, 0.0, 0.0, 0.0, 0.0, 0.0, 1.0, 1.0, 1.0, 0.35985, 0.5, 0.5]
[1.0, 0.0, 1.0, 1.0, 1.0, 1.0, 1.0, 1.0, 1.0, 0.0, 1.0, 0.6974750000000001, 1.0, 0.744905]
[1.0, 0.0, 0.0, 0.0, 0.0, 0.0, 1.0, 1.0, 0.0, 0.0, 0.0, 0.5, 1.0, 0.444445]
[1.0, 0.0, 1.0, 0.0, 1.0, 0.0, 1.0, 0.0, 1.0, 1.0, 1.0, 0.509145, 0.9695100000000002, 0.504575]
[0.0, 0.0, 1.0, 0.0, 0.0, 0.0, 0.0, 0.0, 1.0, 1.0, 1.0, 0.0, 0.140625, 1.0]
[1.0, 0.0, 1.0, 1.0, 1.0, 1.0, 1.0, 1.0, 1.0, 1.0, 1.0, 0.606515, 0.476375, 0.563835]
[1.0, 0.0, 1.0, 0.0, 1.0, 0.0, 1.0, 0.0, 1.0, 0.0, 1.0, 0.34935, 0.963255, 0.310175]
[1.0, 0.0, 1.0, 1.0, 1.0, 1.0, 1.0, 1.0, 1.0, 1.0, 1.0, 0.759395, 0.7753799999999998, 0.8008949999999998, 0.71565, 0.831185, 0.659, 0.8522149999999998, 0.641895, 0.844365, 0.537575]
[1.0, 0.0, 1.0, 0.0, 1.0, 0.0, 1.0, 0.0, 1.0, 0.0, 1.0, 0.485955, 1.0, 0.489065, 0.99914, 0.484565, 0.99764, 0.48381, 0.99657, 0.48274, 1.0]
[1.0, 0.0, 1.0, 0.0, 1.0, 0.0, 0.0, 0.0, 1.0, 1.0, 1.0, 0.368305, 0.644655, 0.340015, 0.517295, 0.405265, 0.601345, 0.352795, 0.5759799999999999, 0.35474, 0.547565]
[1.0, 0.0, 1.0, 1.0, 0.0, 0.0, 0.0, 0.0, 1.0, 1.0, 1.0, 1.0, 0.5, 0.5, 0.5, 0.5, 0.68581, 0.0, 0.66554, 0.0, 0.5]
[1.0, 0.0, 1.0, 0.0, 1.0, 1.0, 1.0, 0.0, 1.0, 0.0, 1.0, 0.48145, 0.9858650000000002, 0.491165, 0.985275, 0.480565, 0.9773250000000001, 0.47968, 0.97615, 0.476445, 0.971145]
[0.0, 0.0, 1.0, 1.0, 1.0, 0.0, 1.0, 1.0, 0.0, 1.0, 0.0, 0.5, 1.0, 1.0, 0.5, 0.5, 0.5, 0.5, 0.0, 1.0, 0.0]
[1.0, 0.0, 1.0, 1.0, 1.0, 1.0, 1.0, 1.0, 1.0, 1.0, 1.0, 0.511545, 0.98579, 0.51776, 1.0, 0.51865, 0.989345, 0.510655, 0.992895, 0.52842, 0.98579]
[1.0, 0.0, 0.0, 0.0, 0.0, 0.0, 0.0, 1.0, 0.0, 0.0, 0.0, 0.5, 0.5, 0.5, 0.5, 0.5, 0.5, 0.5, 0.65705, 0.964745, 0.32372]
[1.0, 0.0, 1.0, 0.0, 1.0, 0.0, 1.0, 0.0, 1.0, 0.0, 1.0, 0.28215500000000004, 0.97255, 0.29666, 0.95196, 0.268095, 0.991525, 0.323715, 0.922685, 0.1699, 0.87673]
[1.0, 0.0, 0.0, 0.0, 1.0, 1.0, 1.0, 0.0, 0.0, 0.0, 1.0, 0.28778000000000004, 1.0, 0.59778, 1.0, 0.473335, 1.0, 0.09221999999999997, 0.5, 0.5, 1.0]
[1.0, 0.0, 1.0, 1.0, 1.0, 1.0, 1.0, 1.0, 1.0, 1.0, 1.0, 0.65576, 0.8796699999999998, 0.53674, 0.873475, 0.54221, 0.8534049999999999, 0.460735, 0.818065, 0.5, 0.850105]
[1.0, 0.0, 1.0, 0.0, 1.0, 1.0, 1.0, 1.0, 1.0, 1.0, 1.0, 0.444445, 0.774555, 0.457785, 0.791665, 0.6666650000000001, 0.77778, 0.51389, 0.625, 0.40278, 0.73611]
[1.0, 0.0, 1.0, 1.0, 1.0, 1.0, 1.0, 1.0, 1.0, 0.0, 1.0, 0.48986, 0.95223, 0.36638, 0.94705, 0.59982, 0.94322, 0.47679, 0.92226, 0.495045, 0.98941]
[1.0, 0.0, 1.0, 1.0, 1.0, 1.0, 1.0, 1.0, 1.0, 1.0, 0.0, 0.981505, 0.217325, 0.916985, 0.10624499999999996, 0.7902249999999998, 0.03448000000000001, 0.6301, 0.03179499999999996, 0.46791, 0.06486000000000003]
[1.0, 0.0, 1.0, 1.0, 1.0, 1.0, 1.0, 0.0, 1.0, 1.0, 1.0, 0.7395199999999998, 1.0, 0.795565, 1.0, 0.85379, 1.0, 0.913885, 1.0, 0.975495, 1.0]
[1.0, 0.0, 1.0, 0.0, 1.0, 1.0, 1.0, 0.0, 1.0, 0.0, 1.0, 0.0, 1.0, 0.4908, 1.0, 0.0, 1.0, 1.0, 1.0, 0.07208500000000001, 1.0]
[1.0, 0.0, 1.0, 0.0, 0.0, 1.0, 0.0, 1.0, 1.0, 1.0, 0.0, 0.186385, 0.0, 0.0, 0.0, 1.0, 0.486235, 0.79576, 0.289435, 0.289435, 0.12685999999999997]
[1.0, 0.0, 1.0, 1.0, 1.0, 1.0, 1.0, 1.0, 1.0, 1.0, 1.0, 0.617645, 1.0, 0.558825, 1.0, 0.735295, 1.0, 0.47059, 1.0, 0.441175, 1.0]
[1.0, 0.0, 1.0, 0.0, 1.0, 0.0, 1.0, 0.0, 1.0, 0.0, 1.0, 0.340955, 0.926345, 0.342685, 0.91058, 0.32038, 0.903405, 0.33184, 0.8762149999999999, 0.26489, 0.852775]
[1.0, 0.0, 1.0, 1.0, 1.0, 1.0, 1.0, 1.0, 1.0, 1.0, 1.0, 0.7321949999999998, 0.625, 0.78654, 0.62596, 0.685575, 0.576075, 0.7593849999999999, 0.45096, 0.7874999999999999, 0.48269]
[1.0, 0.0, 1.0, 1.0, 1.0, 0.0, 1.0, 0.0, 1.0, 0.0, 1.0, 0.477465, 0.973565, 0.44449, 0.966845, 0.43605, 0.971085, 0.442085, 0.8984099999999998, 0.404, 0.94137]
[1.0, 0.0, 1.0, 1.0, 1.0, 0.0, 1.0, 1.0, 1.0, 0.0, 1.0, 0.508875, 0.723375, 0.637575, 0.85799, 0.48077, 0.778105, 0.56213, 0.7071000000000001, 0.55769, 0.763835]
[1.0, 0.0, 1.0, 1.0, 1.0, 0.0, 1.0, 1.0, 1.0, 1.0, 1.0, 0.86873, 0.850335, 0.591135, 0.8795999999999998, 0.56856, 0.96739, 0.37458, 0.85368, 0.593645, 0.824415]
[1.0, 0.0, 1.0, 0.0, 1.0, 0.0, 1.0, 0.0, 1.0, 0.0, 1.0, 0.445245, 0.794825, 1.0, 0.91863, 0.0, 0.9113500000000002, 0.410685, 0.9038, 0.358715, 0.37043]
[1.0, 0.0, 1.0, 0.0, 1.0, 1.0, 1.0, 0.0, 1.0, 0.0, 1.0, 0.0, 1.0, 0.05312499999999998, 1.0, 0.866965, 0.587945, 0.85491, 1.0, 0.8901799999999999, 1.0]
[1.0, 0.0, 1.0, 1.0, 1.0, 1.0, 1.0, 1.0, 0.0, 1.0, 0.0, 0.9163150000000002, 0.101715, 0.77543, 0.016845, 0.57596, 0.034995, 0.37223, 0.140685, 0.20310500000000004, 0.29227]
[1.0, 0.0, 1.0, 1.0, 1.0, 0.0, 1.0, 1.0, 1.0, 1.0, 0.0, 1.0, 0.470395, 0.79386, 0.50877, 0.52522, 0.242325, 0.0, 0.57127, 0.483555, 0.663375]
[1.0, 0.0, 1.0, 1.0, 1.0, 1.0, 1.0, 1.0, 1.0, 1.0, 0.0, 0.76984, 0.329365, 0.656085, 0.29365, 0.6627000000000001, 0.24206500000000003, 0.53439, 0.25, 0.4418, 0.425925]
[1.0, 0.0, 0.0, 0.0, 0.0, 1.0, 0.0, 0.0, 1.0, 0.0, 1.0, 0.656925, 0.36976, 0.20394, 0.348795, 0.827825, 0.970775, 0.581955, 0.5, 0.5, 0.5]
[1.0, 0.0, 1.0, 0.0, 1.0, 0.0, 1.0, 0.0, 1.0, 0.0, 1.0, 0.43093, 0.98337, 0.391525, 0.97644, 0.374505, 0.95618, 0.328, 0.952905, 0.33924, 0.9499550000000001]
[1.0, 0.0, 1.0, 1.0, 1.0, 1.0, 1.0, 1.0, 1.0, 1.0, 1.0, 0.66633, 1.0, 0.527445, 1.0, 0.52192, 0.97875, 0.37701, 0.9218550000000002, 0.45666, 1.0]
[1.0, 0.0, 1.0, 1.0, 1.0, 0.0, 1.0, 0.0, 1.0, 1.0, 1.0, 0.6391, 0.9906, 0.465695, 1.0, 0.53305, 0.97901, 0.40523, 0.91792, 0.421835, 0.9870000000000002]
[1.0, 0.0, 1.0, 1.0, 1.0, 1.0, 1.0, 1.0, 0.0, 1.0, 0.0, 0.63332, 0.18143000000000004, 0.624325, 0.011749999999999983, 0.498315, 0.383865, 0.400455, 0.34739, 0.25557, 0.42787]
[1.0, 0.0, 1.0, 1.0, 1.0, 1.0, 1.0, 1.0, 1.0, 0.0, 1.0, 0.498895, 0.991715, 0.5116, 1.0, 0.50442, 0.987845, 0.503865, 0.989505, 0.508285, 0.990055]
[1.0, 0.0, 1.0, 0.0, 1.0, 0.0, 1.0, 0.0, 1.0, 0.0, 1.0, 0.447665, 0.8104949999999999, 0.467365, 0.796805, 0.463555, 0.711355, 0.367955, 0.791065, 0.52496, 0.74868]
[1.0, 0.0, 1.0, 1.0, 1.0, 1.0, 1.0, 1.0, 0.0, 1.0, 0.0, 0.87667, 0.374315, 0.74408, 0.213115, 0.642075, 0.16625, 0.552955, 0.263205, 0.469035, 0.09471999999999997]
[0.0, 0.0, 0.0, 0.0, 0.0, 0.0, 0.0, 0.0, 1.0, 1.0, 1.0, 1.0, 0.5, 0.5, 0.5, 0.5, 0.3125, 0.0, 0.0, 0.0, 0.5]
[0.0, 0.0, 0.0, 0.0, 0.0, 0.0, 0.0, 0.0, 0.0, 0.0, 0.0, 0.5, 0.5, 0.5, 0.5, 0.5, 0.5, 0.5, 0.5, 0.5, 0.5]
[1.0, 0.0, 1.0, 0.0, 0.0, 1.0, 0.0, 1.0, 1.0, 0.0, 1.0, 0.483235, 0.3549, 0.49725, 0.22574, 0.57726, 0.959605, 0.26865, 1.0, 0.24788000000000004, 0.351325]
[1.0, 0.0, 1.0, 1.0, 1.0, 1.0, 1.0, 1.0, 1.0, 1.0, 1.0, 0.95865, 0.547335, 0.94124, 0.3901, 0.95702, 0.32916, 0.877585, 0.2432, 0.822635, 0.177365]
[1.0, 0.0, 1.0, 1.0, 1.0, 0.0, 1.0, 1.0, 1.0, 0.0, 1.0, 0.520835, 0.916665, 0.5625, 0.854165, 0.5, 0.9375, 0.520835, 1.0, 0.541665, 0.8333349999999998]
[1.0, 0.0, 1.0, 1.0, 1.0, 1.0, 1.0, 1.0, 1.0, 0.0, 1.0, 0.55458, 0.916445, 0.515135, 0.9134, 0.51753, 0.87419, 0.509715, 0.9000949999999999, 0.512025, 0.90431]
[1.0, 0.0, 1.0, 1.0, 1.0, 1.0, 1.0, 1.0, 1.0, 1.0, 1.0, 0.695195, 0.87737, 0.75041, 0.897775, 0.761605, 0.82977, 0.8037799999999998, 0.788095, 0.8149949999999998, 0.739035]
[0.0, 0.0, 1.0, 1.0, 0.0, 0.0, 0.0, 0.0, 0.0, 0.0, 0.0, 0.5, 0.5, 0.5, 0.0, 0.0, 0.0, 0.0, 0.0, 1.0, 0.0]
[1.0, 0.0, 1.0, 1.0, 1.0, 0.0, 1.0, 0.0, 1.0, 0.0, 1.0, 0.46454, 0.995865, 0.45499, 1.0, 0.421365, 1.0, 0.428715, 0.99155, 0.440935, 1.0]
[1.0, 0.0, 1.0, 1.0, 1.0, 1.0, 1.0, 0.0, 1.0, 1.0, 1.0, 0.515625, 1.0, 1.0, 0.5, 0.5, 1.0, 0.0, 1.0, 1.0, 1.0]
[1.0, 0.0, 1.0, 1.0, 1.0, 0.0, 1.0, 0.0, 1.0, 1.0, 1.0, 1.0, 1.0, 1.0, 1.0, 0.0, 1.0, 1.0, 1.0, 1.0, 1.0]
[1.0, 0.0, 0.0, 0.0, 0.0, 1.0, 1.0, 1.0, 1.0, 0.0, 0.0, 0.0, 1.0, 1.0, 0.943415, 0.0, 0.0, 1.0, 0.9192, 1.0, 1.0]
[1.0, 0.0, 1.0, 0.0, 1.0, 0.0, 1.0, 0.0, 1.0, 1.0, 1.0, 0.508335, 0.858335, 0.541665, 0.8499999999999999, 0.466665, 0.7666649999999998, 0.6, 0.7083349999999999, 0.491665, 0.658335]
[1.0, 0.0, 1.0, 0.0, 1.0, 1.0, 1.0, 0.0, 1.0, 0.0, 1.0, 0.44137, 0.922465, 0.47399, 0.96696, 0.46701, 0.84585, 0.463105, 0.828655, 0.398165, 0.97455]
[1.0, 0.0, 1.0, 0.0, 1.0, 1.0, 1.0, 0.0, 1.0, 1.0, 1.0, 0.3618400000000001, 0.829885, 0.531955, 0.8486849999999998, 0.57331, 0.8618399999999998, 0.286655, 0.88064, 0.522555, 0.8345849999999998]
[1.0, 0.0, 1.0, 1.0, 1.0, 1.0, 1.0, 1.0, 0.0, 1.0, 0.0, 1.0, 0.5, 1.0, 0.0, 1.0, 0.0, 0.5, 0.0, 0.166665, 0.0]
[1.0, 0.0, 0.0, 0.0, 0.0, 1.0, 1.0, 0.0, 1.0, 1.0, 0.0, 0.5, 0.6197900000000001, 0.0, 1.0, 1.0, 0.5, 0.5, 1.0, 1.0, 1.0]
[1.0, 0.0, 0.0, 0.0, 1.0, 0.0, 0.0, 0.0, 0.0, 0.0, 1.0, 1.0, 1.0, 0.37329, 1.0, 0.61644, 1.0, 0.0, 0.5, 0.5, 0.5]
[1.0, 0.0, 1.0, 0.0, 1.0, 1.0, 1.0, 1.0, 1.0, 1.0, 1.0, 0.62086, 0.7516549999999999, 0.56126, 0.819535, 0.59934, 0.8592699999999999, 0.713575, 0.771525, 0.569535, 0.82616]
[1.0, 0.0, 1.0, 0.0, 1.0, 1.0, 1.0, 0.0, 1.0, 1.0, 1.0, 0.483605, 0.8606549999999998, 0.5, 0.84426, 0.418035, 0.59836, 0.42623, 0.82779, 0.41412, 0.836065]
[1.0, 0.0, 0.0, 0.0, 0.0, 0.0, 0.0, 1.0, 0.0, 1.0, 0.0, 0.5, 0.5, 0.5, 0.5, 0.5, 0.5, 0.5, 0.5, 0.5, 0.0]
[1.0, 0.0, 1.0, 0.0, 1.0, 0.0, 1.0, 0.0, 1.0, 0.0, 1.0, 0.37144, 0.583335, 0.444445, 1.0, 0.3267, 1.0, 0.305735, 1.0, 0.28569, 0.5]
[1.0, 0.0, 1.0, 1.0, 1.0, 1.0, 1.0, 1.0, 1.0, 1.0, 0.0, 0.8994299999999998, 0.29135500000000003, 0.832705, 0.157895, 0.73872, 0.126375, 0.59746, 0.1391, 0.475565, 0.18985]
[1.0, 0.0, 0.0, 1.0, 0.0, 1.0, 1.0, 1.0, 0.0, 1.0, 0.0, 0.0, 1.0, 1.0, 0.0, 0.38262, 0.641505, 0.0, 1.0, 1.0, 0.34299]
[1.0, 0.0, 1.0, 1.0, 1.0, 0.0, 1.0, 0.0, 1.0, 0.0, 1.0, 0.46167, 0.8363, 0.471145, 0.8212999999999998, 0.46781, 0.695995, 0.52265, 0.8562699999999999, 0.50697, 0.7798499999999998]
[1.0, 0.0, 1.0, 0.0, 1.0, 0.0, 1.0, 0.0, 1.0, 0.0, 1.0, 0.780865, 1.0, 0.43631, 1.0, 0.42739, 1.0, 0.6620349999999999, 1.0, 0.411805, 0.99742]
[1.0, 0.0, 1.0, 0.0, 0.0, 0.0, 0.0, 0.0, 0.0, 0.0, 0.0, 0.5, 0.5, 0.5, 0.56146, 0.225, 0.614065, 0.914065, 1.0, 0.28854, 0.5]
[1.0, 0.0, 1.0, 1.0, 1.0, 1.0, 1.0, 1.0, 0.0, 1.0, 0.0, 0.905955, 0.090715, 0.754745, 0.015069999999999972, 0.551725, 0.04271999999999999, 0.34294, 0.149185, 0.172695, 0.33823000000000003]
[0.0, 0.0, 1.0, 0.0, 1.0, 1.0, 1.0, 1.0, 1.0, 1.0, 1.0, 1.0, 1.0, 0.0, 1.0, 1.0, 1.0, 1.0, 1.0, 0.0, 1.0]
[0.0, 0.0, 0.0, 0.0, 0.0, 0.0, 0.0, 0.0, 0.0, 0.0, 0.0, 0.5, 0.5, 0.5, 0.5, 0.5, 0.5, 0.5, 0.5, 0.5, 0.5]
[1.0, 0.0, 1.0, 0.0, 1.0, 0.0, 1.0, 1.0, 1.0, 1.0, 1.0, 0.54364, 0.85799, 0.5392, 0.865385, 0.52589, 0.8927499999999998, 0.360945, 0.8298799999999998, 0.492605, 0.89349]
[1.0, 0.0, 1.0, 1.0, 1.0, 1.0, 1.0, 0.0, 1.0, 0.0, 1.0, 0.379615, 0.869275, 0.347305, 0.85746, 0.31960999999999995, 0.73597, 0.19405500000000003, 0.702365, 0.22470500000000004, 0.8052049999999998]
[1.0, 0.0, 1.0, 0.0, 1.0, 0.0, 1.0, 0.0, 1.0, 1.0, 1.0, 0.483425, 0.945305, 0.49282, 0.95304, 0.47735, 0.956905, 0.49558, 0.903865, 0.43536, 0.943645]
[1.0, 0.0, 1.0, 1.0, 0.0, 1.0, 0.0, 1.0, 1.0, 1.0, 0.0, 0.448795, 0.48421, 0.45515, 0.507005, 0.482985, 0.50554, 0.497315, 0.50171, 0.500485, 0.50024]
[1.0, 0.0, 1.0, 1.0, 1.0, 1.0, 1.0, 1.0, 0.0, 1.0, 0.0, 0.92207, 0.16363, 0.8103899999999998, 0.08660000000000001, 0.65178, 0.06924999999999998, 0.473175, 0.13218, 0.328625, 0.24111]
[1.0, 0.0, 1.0, 1.0, 1.0, 1.0, 1.0, 1.0, 1.0, 1.0, 1.0, 0.98064, 0.399515, 0.946, 0.321315, 0.8874999999999998, 0.17443000000000003, 0.81105, 0.10615999999999996, 0.7276749999999998, 0.09071999999999997, 0.595475, 0.08028500000000005, 2.0, 0.0, 1.0, 0.0, 1.0]
[0.0, 0.0, 1.0, 0.0, 1.0, 1.0, 1.0, 0.0, 1.0, 1.0, 1.0, 0.0, 1.0, 1.0, 1.0, 0.0, 1.0, 0.0, 1.0, 1.0, 1.0, 1.0, 1.0, 0.0, 4.0, 0.0, 4.0, 0.0]
[1.0, 0.0, 1.0, 1.0, 0.0, 1.0, 0.0, 0.0, 1.0, 1.0, 1.0, 0.70238, 0.16385, 0.653645, 0.326015, 0.18166, 0.732145, 0.57738, 0.77381, 0.52976, 0.24085, 0.724805, 0.261745, 1.0, 3.0, 4.0, 3.0, 3.0]
[1.0, 0.0, 1.0, 0.0, 1.0, 1.0, 1.0, 1.0, 1.0, 1.0, 1.0, 0.497755, 0.858425, 0.476405, 0.8325849999999998, 0.504495, 0.786515, 0.51236, 0.8235949999999999, 0.46292, 0.78427, 0.570785, 0.78764, 2.0, 3.0, 2.0, 3.0, 2.0]
[0.0, 0.0, 0.0, 1.0, 1.0, 1.0, 0.0, 0.0, 1.0, 0.0, 1.0, 0.0, 1.0, 0.0, 0.0, 0.0, 0.5, 0.5, 0.0, 0.0, 0.5, 0.5, 0.5, 2.0, 0.0, 0.0, 4.0, 0.0]
[1.0, 0.0, 1.0, 1.0, 1.0, 1.0, 1.0, 1.0, 1.0, 1.0, 1.0, 0.57461, 0.488165, 0.55094, 0.481575, 0.531585, 0.48117, 0.51729, 0.48385, 0.50766, 0.48763, 0.501785, 0.49137, 2.0, 2.0, 2.0, 2.0, 2.0]
[1.0, 0.0, 1.0, 0.0, 1.0, 1.0, 1.0, 1.0, 1.0, 0.0, 1.0, 0.429645, 0.70082, 0.255465, 0.69604, 0.7937149999999998, 0.88388, 0.6591549999999999, 0.89276, 0.556695, 0.737705, 0.275275, 1.0, 2.0, 4.0, 2.0, 4.0, 2.0]
[1.0, 0.0, 1.0, 0.0, 1.0, 0.0, 1.0, 0.0, 1.0, 1.0, 1.0, 0.50114, 0.968035, 0.457765, 0.95662, 0.49886, 0.93379, 0.45662, 0.98516, 0.393835, 1.0, 0.55137, 0.960045, 2.0, 4.0, 2.0, 4.0, 2.0]
[1.0, 0.0, 1.0, 1.0, 1.0, 0.0, 1.0, 0.0, 1.0, 0.0, 1.0, 0.506395, 0.97718, 0.416025, 0.97306, 0.402515, 0.99815, 0.33866, 0.951715, 0.32049, 0.9571400000000002, 0.36342, 0.9507, 1.0, 4.0, 1.0, 4.0, 1.0]
[1.0, 0.0, 0.0, 0.0, 0.0, 0.0, 1.0, 1.0, 1.0, 0.0, 0.0, 0.31915, 0.56383, 0.204785, 1.0, 0.0, 0.5, 0.5, 0.914895, 0.460105, 0.375, 1.0, 0.585105, 0.0, 2.0, 2.0, 2.0, 1.0]
[1.0, 0.0, 1.0, 0.0, 1.0, 1.0, 1.0, 1.0, 1.0, 1.0, 1.0, 0.39394, 0.78788, 0.57576, 0.69697, 0.5, 0.78078, 0.522805, 0.757575, 0.51515, 0.8939399999999998, 0.59091, 0.6515150000000001, 2.0, 3.0, 2.0, 3.0, 2.0]
[1.0, 0.0, 1.0, 0.0, 0.0, 0.0, 0.0, 0.0, 1.0, 1.0, 1.0, 0.88095, 0.0, 0.0, 0.0, 1.0, 0.73682, 1.0, 1.0, 1.0, 0.844195, 0.0, 0.0, 0.0, 4.0, 3.0, 4.0, 4.0]
[1.0, 0.0, 1.0, 0.0, 0.0, 0.0, 0.0, 1.0, 1.0, 1.0, 1.0, 0.30645, 0.0, 0.103435, 0.451615, 1.0, 0.7434199999999999, 0.73251, 0.658775, 0.362695, 0.428285, 0.39906, 0.44012, 2.0, 2.0, 2.0, 2.0, 2.0]
[0.0, 0.0, 1.0, 1.0, 1.0, 0.0, 1.0, 1.0, 1.0, 1.0, 1.0, 1.0, 1.0, 0.0, 1.0, 1.0, 1.0, 0.0, 1.0, 0.0, 1.0, 1.0, 1.0, 4.0, 4.0, 0.0, 4.0, 4.0]
[1.0, 0.0, 1.0, 1.0, 1.0, 1.0, 0.0, 1.0, 0.0, 0.0, 0.0, 0.530535, 0.27290000000000003, 0.5458, 0.41794, 0.34733, 0.448475, 0.301525, 0.59351, 0.412215, 0.67006, 0.440235, 0.64313, 2.0, 3.0, 3.0, 2.0, 3.0]
[1.0, 0.0, 1.0, 0.0, 1.0, 1.0, 1.0, 0.0, 1.0, 1.0, 1.0, 0.462695, 0.83514, 0.5361, 0.81468, 0.45788, 0.837545, 0.54573, 0.8357399999999998, 0.5, 0.794825, 0.55054, 0.7502999999999999, 2.0, 4.0, 2.0, 4.0, 2.0]
[0.0, 0.0, 0.0, 1.0, 1.0, 0.0, 0.0, 0.0, 0.0, 0.0, 1.0, 0.0, 1.0, 1.0, 0.5, 0.5, 1.0, 0.0, 0.5, 0.5, 0.5, 0.5, 1.0, 4.0, 0.0, 4.0, 4.0, 0.0]
[1.0, 0.0, 1.0, 1.0, 1.0, 1.0, 1.0, 1.0, 1.0, 1.0, 0.0, 0.918565, 0.19842, 0.7942099999999999, 0.10670999999999996, 0.69389, 0.08357500000000001, 0.49679, 0.15341, 0.33518499999999996, 0.23748, 0.23038, 0.363115, 0.0, 2.0, 0.0, 3.0, 0.0]
[1.0, 0.0, 0.0, 0.0, 0.0, 0.0, 1.0, 0.0, 1.0, 1.0, 0.0, 0.29316, 0.5, 0.5, 0.5, 0.5, 1.0, 0.36645, 0.68241, 0.18241, 0.98534, 0.0, 0.0, 0.0, 4.0, 1.0, 0.0, 0.0]
[1.0, 0.0, 1.0, 0.0, 1.0, 0.0, 1.0, 0.0, 1.0, 1.0, 1.0, 0.49438, 0.917715, 0.376405, 1.0, 0.343025, 0.996365, 0.39392, 0.9933900000000001, 0.39491, 1.0, 0.364175, 0.96563, 1.0, 4.0, 2.0, 4.0, 1.0]
[1.0, 0.0, 0.0, 0.0, 0.0, 0.0, 0.0, 0.0, 0.0, 0.0, 0.0, 0.5, 0.0, 1.0, 1.0, 0.77586, 0.5, 0.5, 0.5, 0.5, 0.5, 0.5, 0.5, 2.0, 2.0, 2.0, 4.0, 4.0]
[1.0, 0.0, 0.0, 0.0, 1.0, 0.0, 1.0, 0.0, 0.0, 0.0, 1.0, 0.536485, 1.0, 0.4, 1.0, 0.535135, 1.0, 0.443245, 0.5, 0.5, 1.0, 0.394595, 1.0, 1.0, 2.0, 2.0, 4.0, 2.0]
[1.0, 0.0, 1.0, 1.0, 1.0, 1.0, 1.0, 1.0, 1.0, 1.0, 1.0, 0.963215, 0.551445, 0.969725, 0.43373, 0.9214500000000002, 0.3399, 0.95812, 0.239275, 0.897625, 0.15863, 0.74754, 0.11296, 3.0, 0.0, 2.0, 0.0, 2.0]
[1.0, 0.0, 1.0, 0.0, 1.0, 1.0, 1.0, 1.0, 1.0, 1.0, 1.0, 0.49505, 0.970295, 0.49208, 0.959405, 0.51683, 0.968315, 0.5, 0.971285, 0.50693, 0.952475, 0.50396, 0.943565, 2.0, 4.0, 2.0, 4.0, 2.0]
[1.0, 0.0, 1.0, 1.0, 1.0, 1.0, 1.0, 1.0, 1.0, 1.0, 1.0, 0.7109800000000001, 0.85358, 0.734915, 0.8539799999999999, 0.78238, 0.802295, 0.8209999999999998, 0.756235, 0.8246199999999998, 0.699515, 0.834875, 0.67116, 4.0, 3.0, 4.0, 2.0, 4.0]
[0.0, 0.0, 0.0, 0.0, 0.0, 0.0, 0.0, 0.0, 0.0, 0.0, 0.0, 0.5, 0.5, 0.5, 0.5, 0.5, 0.5, 0.5, 0.5, 0.5, 0.5, 0.5, 0.5, 2.0, 2.0, 2.0, 4.0, 0.0]
[1.0, 0.0, 1.0, 0.0, 1.0, 1.0, 1.0, 1.0, 1.0, 1.0, 1.0, 0.52797, 0.84525, 0.521965, 0.840505, 0.52529, 0.835115, 0.52846, 0.817015, 0.47669, 0.822515, 0.53428, 0.815385, 2.0, 4.0, 2.0, 3.0, 2.0]
[1.0, 0.0, 1.0, 1.0, 1.0, 1.0, 1.0, 1.0, 1.0, 1.0, 1.0, 0.596055, 0.96496, 0.62144, 0.946205, 0.641715, 0.927645, 0.633605, 0.91828, 0.665645, 0.916965, 0.65849, 0.8741449999999998, 3.0, 4.0, 3.0, 4.0, 3.0]
[1.0, 0.0, 1.0, 1.0, 1.0, 1.0, 1.0, 0.0, 1.0, 1.0, 1.0, 0.41681, 0.73684, 0.47623, 0.77759, 0.519525, 0.90832, 0.387945, 0.712225, 0.47878, 0.674875, 0.533105, 0.640915, 1.0, 3.0, 2.0, 3.0, 2.0]
[1.0, 0.0, 1.0, 1.0, 1.0, 1.0, 1.0, 1.0, 1.0, 0.0, 1.0, 0.773505, 0.9021300000000002, 0.626415, 0.868905, 0.6369, 0.8338749999999998, 0.64357, 0.7980749999999999, 0.64652, 0.76247, 0.646, 0.72791, 3.0, 3.0, 3.0, 3.0, 3.0]
[1.0, 0.0, 1.0, 0.0, 0.0, 0.0, 0.0, 0.0, 1.0, 1.0, 1.0, 0.490235, 0.0, 0.58203, 0.0, 0.498045, 0.976565, 0.48242, 0.96094, 0.48633, 0.003904999999999992, 0.558595, 0.03320500000000004, 3.0, 4.0, 2.0, 4.0, 2.0]
[1.0, 0.0, 1.0, 1.0, 1.0, 0.0, 1.0, 1.0, 1.0, 1.0, 1.0, 0.500705, 0.509875, 0.484485, 0.490125, 0.530325, 0.47955, 0.5134, 0.48801, 0.497885, 0.52186, 0.487305, 0.50917, 2.0, 2.0, 2.0, 2.0, 2.0]
[1.0, 0.0, 1.0, 1.0, 1.0, 1.0, 1.0, 1.0, 1.0, 0.0, 1.0, 0.51938, 1.0, 0.635765, 1.0, 1.0, 0.906975, 0.523255, 0.95349, 0.55814, 1.0, 0.7533499999999999, 1.0, 0.0, 4.0, 2.0, 4.0, 4.0]
[0.0, 0.0, 1.0, 0.0, 0.0, 1.0, 0.0, 1.0, 1.0, 1.0, 1.0, 1.0, 0.0, 0.0, 0.0, 0.0, 1.0, 1.0, 1.0, 0.0, 0.0, 0.0, 0.0, 0.0, 4.0, 2.0, 4.0, 0.0]
[1.0, 0.0, 0.0, 0.0, 0.0, 0.0, 0.0, 0.0, 0.0, 0.0, 0.0, 0.5, 1.0, 0.0, 0.5, 0.5, 0.0, 0.0, 0.0, 0.0, 1.0, 0.0, 0.2, 0.0, 4.0, 4.0, 0.0, 1.0]
[1.0, 0.0, 1.0, 0.0, 1.0, 1.0, 0.0, 0.0, 1.0, 0.0, 1.0, 0.46229, 0.497205, 0.526535, 0.532125, 0.48324, 0.5, 0.547485, 0.467875, 0.53771, 0.476255, 0.51257, 0.513965, 2.0, 2.0, 2.0, 2.0, 2.0]
[1.0, 0.0, 1.0, 1.0, 1.0, 1.0, 1.0, 1.0, 1.0, 1.0, 0.0, 0.93245, 0.186825, 0.84795, 0.11446999999999996, 0.696545, 0.07098500000000002, 0.54204, 0.09179499999999999, 0.379915, 0.177105, 0.24989, 0.30117, 0.0, 2.0, 0.0, 2.0, 0.0]
[1.0, 0.0, 1.0, 1.0, 1.0, 1.0, 1.0, 1.0, 1.0, 1.0, 1.0, 0.944855, 0.48897, 0.9301450000000001, 0.39706, 0.911765, 0.3125, 0.838235, 0.25, 0.73897, 0.132355, 0.691175, 0.069855, 2.0, 0.0, 2.0, 0.0, 1.0]
[0.0, 0.0, 1.0, 0.0, 1.0, 1.0, 1.0, 1.0, 1.0, 1.0, 1.0, 1.0, 1.0, 0.0, 1.0, 0.0, 1.0, 1.0, 1.0, 0.0, 1.0, 1.0, 1.0, 4.0, 4.0, 0.0, 4.0, 4.0]
[1.0, 0.0, 1.0, 1.0, 0.0, 0.0, 0.0, 0.0, 0.0, 0.0, 1.0, 0.05451000000000006, 0.24248, 0.727445, 0.02255499999999999, 0.642855, 0.82331, 1.0, 0.5, 0.5, 0.5, 0.5, 0.8101499999999998, 3.0, 0.0, 0.0, 4.0, 0.0]
[0.0, 0.0, 0.0, 1.0, 0.0, 0.0, 0.0, 0.0, 0.0, 1.0, 1.0, 1.0, 0.5, 0.5, 0.5, 0.5, 1.0, 0.0, 0.0, 1.0, 1.0, 1.0, 0.5, 2.0, 0.0, 0.0, 4.0, 0.0]
[1.0, 0.0, 1.0, 1.0, 1.0, 0.0, 1.0, 0.0, 1.0, 0.0, 1.0, 0.29325500000000004, 0.98116, 0.24063, 0.953555, 0.204915, 0.94615, 0.16763, 0.84938, 0.145015, 0.853225, 0.1184, 0.8154049999999998, 0.0, 3.0, 0.0, 3.0, 0.0]
[1.0, 0.0, 1.0, 0.0, 1.0, 1.0, 1.0, 0.0, 1.0, 0.0, 1.0, 0.675735, 1.0, 0.53886, 1.0, 0.426165, 1.0, 0.0, 1.0, 0.0, 0.809155, 0.5790150000000001, 1.0, 4.0, 4.0, 2.0, 4.0, 3.0]
[1.0, 0.0, 1.0, 1.0, 1.0, 1.0, 1.0, 1.0, 1.0, 1.0, 1.0, 0.90576, 0.62206, 0.9374650000000002, 0.53219, 0.92519, 0.436945, 0.93698, 0.356305, 0.898085, 0.266825, 0.82962, 0.214325, 3.0, 0.0, 3.0, 0.0, 3.0]
[0.0, 0.0, 0.0, 0.0, 1.0, 0.0, 0.0, 1.0, 0.0, 0.0, 1.0, 0.0, 1.0, 0.0, 0.5, 0.5, 0.5, 0.5, 0.5, 0.5, 0.0, 1.0, 1.0, 0.0, 0.0, 4.0, 4.0, 4.0]
[1.0, 0.0, 1.0, 1.0, 0.0, 0.0, 0.0, 0.0, 0.0, 0.0, 1.0, 0.46329, 0.5, 0.5, 0.5, 0.5, 0.5, 0.5, 0.5, 0.5, 0.503795, 0.840505, 0.4, 3.0, 2.0, 3.0, 2.0, 0.0]
[0.0, 0.0, 0.0, 1.0, 1.0, 0.0, 0.0, 1.0, 0.0, 0.0, 1.0, 1.0, 0.0, 0.40625, 1.0, 1.0, 0.0, 0.0, 1.0, 0.0, 0.0, 0.0, 1.0, 4.0, 4.0, 0.0, 4.0, 4.0]
[1.0, 0.0, 1.0, 1.0, 1.0, 0.0, 1.0, 0.0, 1.0, 0.0, 1.0, 0.46872, 1.0, 0.46728, 0.986305, 0.460415, 0.962805, 0.431675, 0.97092, 0.428365, 0.997945, 0.42876, 0.974075, 2.0, 4.0, 1.0, 4.0, 2.0]
[1.0, 0.0, 1.0, 1.0, 1.0, 1.0, 1.0, 1.0, 1.0, 1.0, 0.0, 0.89386, 0.28544499999999995, 0.8616399999999999, 0.214175, 0.707355, 0.12281999999999998, 0.583775, 0.150115, 0.45072, 0.211525, 0.382485, 0.296815, 1.0, 2.0, 1.0, 2.0, 1.0]
[1.0, 0.0, 1.0, 0.0, 1.0, 0.0, 1.0, 0.0, 1.0, 0.0, 1.0, 0.444635, 1.0, 0.302555, 1.0, 0.42192, 0.96062, 0.34058, 0.932365, 0.32733, 0.958465, 0.27964, 0.9803, 1.0, 4.0, 1.0, 4.0, 1.0]
[1.0, 0.0, 1.0, 1.0, 1.0, 1.0, 1.0, 1.0, 1.0, 1.0, 0.0, 0.9347350000000002, 0.269115, 0.8924849999999999, 0.202825, 0.76035, 0.10765000000000002, 0.632645, 0.07993, 0.51964, 0.189795, 0.343245, 0.26294, 1.0, 1.0, 0.0, 2.0, 0.0]
[0.0, 0.0, 1.0, 1.0, 0.0, 0.0, 1.0, 0.0, 1.0, 0.0, 1.0, 1.0, 1.0, 1.0, 1.0, 0.0, 1.0, 1.0, 1.0, 1.0, 1.0, 0.0, 0.0, 0.0, 4.0, 0.0, 4.0, 0.0]
[0.0, 0.0, 0.0, 0.0, 0.0, 0.0, 0.0, 0.0, 0.0, 0.0, 0.0, 0.5, 1.0, 1.0, 1.0, 1.0, 1.0, 0.0, 0.5, 0.5, 1.0, 1.0, 1.0, 0.0, 4.0, 4.0, 4.0, 2.0]
[0.0, 0.0, 1.0, 1.0, 1.0, 0.0, 1.0, 1.0, 1.0, 1.0, 1.0, 1.0, 1.0, 1.0, 1.0, 1.0, 1.0, 0.0, 0.0, 1.0, 0.0, 1.0, 0.0, 4.0, 4.0, 0.0, 4.0, 4.0]
[1.0, 0.0, 1.0, 1.0, 1.0, 1.0, 1.0, 1.0, 1.0, 1.0, 1.0, 0.85508, 0.698495, 0.880805, 0.6213299999999999, 0.897615, 0.54567, 0.89799, 0.454205, 0.881305, 0.398995, 0.83463, 0.348685, 4.0, 1.0, 3.0, 1.0, 3.0]
[1.0, 0.0, 1.0, 1.0, 1.0, 0.0, 1.0, 0.0, 1.0, 0.0, 1.0, 0.56565, 0.905985, 0.533615, 0.8965349999999999, 0.455355, 1.0, 0.489495, 0.983195, 0.53309, 0.9380250000000001, 0.505775, 0.8876049999999999, 2.0, 4.0, 2.0, 4.0, 2.0]
[1.0, 0.0, 1.0, 0.0, 1.0, 1.0, 1.0, 1.0, 1.0, 1.0, 1.0, 0.49198, 1.0, 0.5, 1.0, 0.532085, 1.0, 0.524065, 0.95722, 0.52139, 0.983955, 0.510695, 0.99465, 2.0, 4.0, 2.0, 4.0, 2.0]
[1.0, 0.0, 1.0, 1.0, 1.0, 1.0, 1.0, 1.0, 1.0, 1.0, 1.0, 0.973745, 0.45091, 0.96889, 0.31198000000000004, 0.911115, 0.23629, 0.855805, 0.15821, 0.8399449999999998, 0.149185, 0.62478, 0.104265, 2.0, 0.0, 1.0, 0.0, 1.0]
[1.0, 0.0, 1.0, 0.0, 1.0, 1.0, 1.0, 0.0, 1.0, 1.0, 1.0, 0.52673, 0.927215, 0.504135, 0.772955, 0.501495, 0.9188750000000001, 0.43178, 0.877675, 0.4573, 0.854435, 0.36249, 0.716925, 2.0, 3.0, 1.0, 3.0, 1.0]
[1.0, 0.0, 1.0, 1.0, 1.0, 1.0, 1.0, 1.0, 0.0, 1.0, 0.0, 1.0, 0.0, 1.0, 0.0, 0.86263, 0.0, 0.21110500000000004, 0.0, 0.28974, 0.0, 0.0, 0.23581, 0.0, 4.0, 0.0, 4.0, 0.0]
[1.0, 0.0, 1.0, 1.0, 1.0, 1.0, 1.0, 1.0, 1.0, 1.0, 1.0, 0.801485, 0.7846849999999999, 0.8597099999999999, 0.776555, 0.870395, 0.64726, 0.910965, 0.605685, 0.8988849999999998, 0.548545, 0.91081, 0.49133, 4.0, 2.0, 4.0, 1.0, 4.0]
[1.0, 0.0, 1.0, 1.0, 1.0, 1.0, 1.0, 1.0, 0.0, 1.0, 0.0, 0.8562849999999999, 0.06778500000000004, 0.66826, 0.03808, 0.47331, 0.11321999999999997, 0.276465, 0.26525, 0.133575, 0.448815, 0.08891499999999997, 0.63192, 0.0, 3.0, 1.0, 4.0, 1.0]
[1.0, 0.0, 1.0, 1.0, 1.0, 1.0, 1.0, 1.0, 1.0, 1.0, 1.0, 0.52051, 0.90946, 0.502925, 0.9036900000000002, 0.503365, 0.90311, 0.437765, 0.889675, 0.48232, 0.881825, 0.504545, 0.873175, 2.0, 4.0, 2.0, 4.0, 2.0]
[1.0, 0.0, 1.0, 0.0, 1.0, 0.0, 1.0, 0.0, 1.0, 0.0, 1.0, 0.355455, 0.85151, 0.25180500000000006, 0.81669, 0.250165, 0.6862699999999999, 0.146355, 0.63535, 0.139455, 0.70253, 0.22914, 0.667545, 1.0, 2.0, 0.0, 2.0, 1.0]
[1.0, 0.0, 1.0, 1.0, 1.0, 1.0, 1.0, 1.0, 1.0, 0.0, 1.0, 0.5, 0.9, 0.5, 0.866665, 0.5, 0.8499999999999999, 0.55, 0.8333349999999998, 0.55, 0.866665, 0.483335, 0.883335, 2.0, 4.0, 2.0, 4.0, 2.0]
[1.0, 0.0, 1.0, 1.0, 1.0, 1.0, 1.0, 1.0, 1.0, 1.0, 1.0, 0.52941, 0.8954649999999998, 0.523655, 0.887205, 0.527035, 0.8235300000000002, 0.5966400000000001, 0.92017, 0.52101, 0.856425, 0.53561, 0.8444749999999999, 2.0, 4.0, 2.0, 4.0, 2.0]
[0.0, 0.0, 0.0, 0.0, 0.0, 0.0, 0.0, 0.0, 0.0, 0.0, 0.0, 0.5, 0.5, 0.5, 1.0, 0.0, 0.5, 0.5, 0.0, 0.0, 0.5, 0.5, 1.0, 4.0, 4.0, 0.0, 4.0, 0.0]
[1.0, 0.0, 1.0, 1.0, 1.0, 1.0, 1.0, 1.0, 1.0, 1.0, 1.0, 0.67413, 1.0, 0.6913050000000001, 0.972875, 0.714405, 0.94563, 0.751955, 0.87953, 0.794005, 0.90322, 0.7998099999999998, 0.89789, 4.0, 4.0, 4.0, 3.0, 4.0]
[1.0, 0.0, 1.0, 1.0, 1.0, 1.0, 1.0, 1.0, 1.0, 0.0, 1.0, 0.45786, 0.9652, 0.494835, 0.96547, 0.45541, 0.930125, 0.474715, 0.947255, 0.47988, 0.94209, 0.43937, 0.944535, 2.0, 4.0, 2.0, 4.0, 2.0]
[1.0, 0.0, 1.0, 1.0, 1.0, 1.0, 1.0, 1.0, 0.0, 1.0, 0.0, 0.76204, 0.07894499999999999, 0.535555, 0.08594499999999998, 0.35638499999999995, 0.26484, 0.14137499999999997, 0.476205, 0.06998999999999994, 0.61646, 0.11841999999999996, 0.783315, 1.0, 4.0, 2.0, 4.0, 3.0]
[1.0, 0.0, 1.0, 0.0, 1.0, 1.0, 1.0, 1.0, 1.0, 0.0, 1.0, 0.41591, 0.9090450000000002, 0.547795, 0.7840899999999998, 1.0, 0.752275, 0.60909, 0.83409, 0.55, 1.0, 0.35, 0.99318, 0.0, 3.0, 3.0, 3.0, 2.0]
[1.0, 0.0, 1.0, 1.0, 1.0, 0.0, 1.0, 1.0, 1.0, 1.0, 1.0, 0.57886, 0.85794, 0.49888, 0.8987699999999998, 0.533, 0.918345, 0.417225, 0.8433999999999998, 0.4547, 0.81264, 0.49329, 0.80481, 2.0, 4.0, 2.0, 4.0, 2.0, 4.0, 2.0, 4.0, 2.0, 4.0, 2.0]
[1.0, 0.0, 1.0, 0.0, 1.0, 0.0, 1.0, 0.0, 1.0, 0.0, 1.0, 0.481555, 0.508535, 0.488085, 0.503705, 0.49259, 0.501405, 0.495535, 0.50039, 0.497385, 0.499985, 0.498505, 0.49986, 2.0, 2.0, 2.0, 2.0, 2.0, 2.0, 2.0, 2.0, 2.0, 2.0, 2.0]
[1.0, 0.0, 1.0, 0.0, 1.0, 0.0, 1.0, 0.0, 1.0, 0.0, 1.0, 0.43206, 0.874735, 0.441615, 0.887475, 0.40658, 0.89066, 0.393845, 0.80998, 0.449045, 0.895965, 0.421445, 0.94692, 2.0, 4.0, 1.0, 4.0, 1.0, 4.0, 1.0, 4.0, 1.0, 4.0, 1.0]
[1.0, 0.0, 1.0, 1.0, 1.0, 1.0, 1.0, 1.0, 1.0, 1.0, 1.0, 0.797825, 0.461365, 0.722725, 0.5, 0.7431799999999998, 0.362545, 0.71007, 0.21931999999999996, 0.68409, 0.317045, 0.59432, 0.297335, 2.0, 1.0, 2.0, 1.0, 2.0, 1.0, 2.0, 2.0, 1.0, 2.0, 1.0]
[1.0, 0.0, 0.0, 1.0, 1.0, 1.0, 0.0, 0.0, 0.0, 1.0, 0.0, 1.0, 0.091505, 0.669935, 0.10457499999999996, 0.48693, 0.009805000000000008, 0.08496499999999996, 0.199345, 0.22876, 0.477125, 0.08496499999999996, 0.97059, 0.0, 0.0, 1.0, 4.0, 2.0, 0.0, 2.0, 2.0, 2.0, 1.0, 1.0]
[1.0, 0.0, 0.0, 0.0, 0.0, 0.0, 0.0, 1.0, 0.0, 0.0, 0.0, 1.0, 1.0, 1.0, 1.0, 0.0, 0.5, 0.5, 0.5, 0.5, 0.0, 0.0, 0.0, 4.0, 4.0, 3.0, 4.0, 0.0, 2.0, 2.0, 0.0, 0.0, 0.0, 4.0]
[1.0, 0.0, 1.0, 0.0, 1.0, 1.0, 1.0, 1.0, 1.0, 1.0, 1.0, 0.42403, 0.5053, 0.722615, 0.5053, 0.694345, 0.593405, 0.70584, 0.552835, 0.681765, 0.521625, 0.653725, 0.499585, 3.0, 2.0, 2.0, 2.0, 2.0, 2.0, 2.0, 2.0, 2.0, 2.0, 2.0]
[1.0, 0.0, 1.0, 0.0, 1.0, 1.0, 1.0, 1.0, 1.0, 1.0, 1.0, 0.495075, 0.91675, 0.516255, 0.925615, 0.508375, 0.900495, 0.49606, 0.8955649999999998, 0.48522, 0.8798049999999998, 0.51675, 0.87389, 2.0, 4.0, 2.0, 4.0, 2.0, 4.0, 2.0, 4.0, 2.0, 4.0, 2.0]
[1.0, 0.0, 1.0, 1.0, 1.0, 1.0, 1.0, 1.0, 1.0, 1.0, 1.0, 0.868715, 0.7017450000000001, 0.91578, 0.6257, 0.92402, 0.5235, 0.927375, 0.439035, 0.8987449999999998, 0.3691, 0.90377, 0.310825, 4.0, 1.0, 3.0, 1.0, 3.0, 0.0, 3.0, 0.0, 2.0, 0.0, 2.0]
[1.0, 0.0, 1.0, 1.0, 1.0, 1.0, 1.0, 1.0, 1.0, 0.0, 1.0, 0.539905, 0.9791200000000002, 0.07136499999999996, 0.95981, 0.94222, 0.97726, 0.47397, 0.943365, 0.5906750000000001, 0.99242, 0.15203, 0.93335, 0.0, 3.0, 1.0, 4.0, 2.0, 4.0, 3.0, 4.0, 4.0, 4.0, 4.0]
[1.0, 0.0, 1.0, 0.0, 1.0, 1.0, 1.0, 0.0, 1.0, 1.0, 1.0, 0.545305, 0.99838, 0.54086, 0.95793, 0.525485, 0.92314, 0.37338, 0.936895, 0.42759, 0.924355, 0.630665, 0.875405, 2.0, 4.0, 2.0, 4.0, 2.0, 4.0, 2.0, 4.0, 2.0, 4.0, 2.0]
[1.0, 0.0, 1.0, 1.0, 1.0, 1.0, 1.0, 1.0, 1.0, 1.0, 1.0, 0.87461, 0.6805, 0.908975, 0.57832, 0.91779, 0.50198, 0.92605, 0.41805, 0.8892649999999999, 0.32002, 0.880965, 0.284565, 4.0, 1.0, 3.0, 0.0, 3.0, 0.0, 3.0, 0.0, 2.0, 0.0, 2.0]
[1.0, 0.0, 1.0, 1.0, 1.0, 1.0, 1.0, 1.0, 1.0, 1.0, 0.0, 0.930605, 0.241185, 0.837885, 0.15643, 0.7076199999999999, 0.11490500000000003, 0.54949, 0.153015, 0.43174, 0.25256, 0.288965, 0.33731500000000003, 1.0, 2.0, 1.0, 2.0, 1.0, 3.0, 1.0, 3.0, 2.0, 3.0, 2.0]
[1.0, 0.0, 1.0, 0.0, 0.0, 0.0, 1.0, 0.0, 1.0, 1.0, 1.0, 0.532195, 0.67424, 0.07576000000000005, 0.5, 0.5, 0.795455, 0.320075, 0.72538, 0.09659000000000001, 0.5, 0.5, 0.5, 2.0, 3.0, 2.0, 4.0, 1.0, 2.0, 1.0, 2.0, 0.0, 2.0, 2.0]
[1.0, 0.0, 1.0, 1.0, 1.0, 1.0, 1.0, 1.0, 1.0, 1.0, 0.0, 0.922375, 0.26178, 0.7803949999999998, 0.120595, 0.708715, 0.167725, 0.53604, 0.17286999999999997, 0.402375, 0.237625, 0.28, 0.345745, 1.0, 2.0, 0.0, 2.0, 1.0, 3.0, 1.0, 3.0, 1.0, 3.0, 2.0]
[1.0, 0.0, 1.0, 1.0, 1.0, 1.0, 1.0, 1.0, 1.0, 1.0, 1.0, 0.952015, 0.399925, 0.946675, 0.30135, 0.910815, 0.205825, 0.814335, 0.118475, 0.70184, 0.09369, 0.59444, 0.09341500000000001, 2.0, 0.0, 1.0, 0.0, 1.0, 1.0, 0.0, 1.0, 0.0, 2.0, 0.0]
[0.0, 0.0, 0.0, 0.0, 1.0, 1.0, 1.0, 1.0, 0.0, 0.0, 0.0, 0.5, 0.0, 0.0, 0.5, 0.5, 0.0, 0.0, 0.5, 0.5, 0.5, 0.5, 1.0, 4.0, 2.0, 2.0, 4.0, 4.0, 2.0, 2.0, 0.0, 4.0, 2.0, 2.0]
[1.0, 0.0, 1.0, 1.0, 1.0, 0.0, 1.0, 0.0, 1.0, 0.0, 1.0, 0.0, 1.0, 0.0, 1.0, 0.0, 1.0, 0.0, 1.0, 0.0, 1.0, 0.18602, 1.0, 0.0, 4.0, 0.0, 4.0, 0.0, 4.0, 0.0, 4.0, 0.0, 4.0, 0.0]
[1.0, 0.0, 1.0, 0.0, 1.0, 1.0, 1.0, 1.0, 1.0, 0.0, 1.0, 1.0, 1.0, 1.0, 1.0, 1.0, 0.5, 0.5, 1.0, 1.0, 1.0, 1.0, 1.0, 0.0, 4.0, 4.0, 4.0, 4.0, 4.0, 0.0, 0.0, 4.0, 4.0, 4.0]
[1.0, 0.0, 1.0, 0.0, 1.0, 1.0, 1.0, 1.0, 1.0, 0.0, 1.0, 0.73995, 0.82726, 0.4196, 1.0, 0.504395, 0.988065, 0.24937, 0.900125, 0.377515, 0.940325, 0.404525, 1.0, 2.0, 4.0, 2.0, 4.0, 2.0, 4.0, 1.0, 3.0, 2.0, 3.0, 2.0]
[1.0, 0.0, 1.0, 0.0, 1.0, 1.0, 0.0, 0.0, 1.0, 0.0, 1.0, 0.0, 0.5, 0.5, 0.0, 0.328675, 0.311595, 0.518115, 1.0, 0.0, 0.5, 0.5, 0.5, 2.0, 2.0, 4.0, 3.0, 3.0, 2.0, 2.0, 4.0, 3.0, 2.0, 2.0]
[1.0, 0.0, 1.0, 1.0, 1.0, 1.0, 1.0, 1.0, 1.0, 1.0, 1.0, 0.98374, 0.383815, 0.97565, 0.22036999999999995, 0.90509, 0.133355, 0.811925, 0.04502499999999998, 0.681, 0.03873000000000004, 0.5302, 0.03191000000000005, 2.0, 0.0, 1.0, 0.0, 0.0, 1.0, 0.0, 2.0, 0.0, 2.0, 0.0]
[1.0, 0.0, 1.0, 0.0, 1.0, 0.0, 1.0, 0.0, 1.0, 0.0, 1.0, 0.383855, 0.81445, 0.06798999999999994, 1.0, 0.212325, 1.0, 0.101985, 0.883855, 0.05523999999999996, 0.983005, 0.0, 0.8506, 0.0, 4.0, 0.0, 3.0, 0.0, 4.0, 0.0, 4.0, 0.0, 3.0, 0.0]
[1.0, 0.0, 1.0, 0.0, 1.0, 0.0, 1.0, 0.0, 1.0, 1.0, 1.0, 0.29309, 0.94243, 0.34132, 0.939685, 0.382835, 0.905255, 0.1891, 0.561225, 0.0, 0.95142, 0.555265, 0.8117849999999999, 0.0, 3.0, 0.0, 3.0, 0.0, 3.0, 0.0, 3.0, 0.0, 2.0, 0.0]
[1.0, 0.0, 1.0, 1.0, 1.0, 1.0, 1.0, 1.0, 1.0, 1.0, 1.0, 0.654445, 0.963725, 0.688195, 0.95559, 0.698745, 0.909695, 0.7302949999999998, 0.8930949999999999, 0.73497, 0.897, 0.7814099999999998, 0.851655, 3.0, 4.0, 3.0, 3.0, 4.0, 3.0, 4.0, 3.0, 4.0, 3.0, 4.0]
[1.0, 0.0, 0.0, 0.0, 1.0, 1.0, 1.0, 0.0, 1.0, 0.0, 1.0, 0.980805, 1.0, 0.311605, 1.0, 0.0, 1.0, 0.569195, 1.0, 0.0, 1.0, 0.483035, 0.07856999999999997, 4.0, 3.0, 4.0, 4.0, 4.0, 4.0, 0.0, 4.0, 0.0, 4.0, 0.0]
[1.0, 0.0, 1.0, 1.0, 1.0, 1.0, 1.0, 1.0, 1.0, 1.0, 1.0, 0.941455, 0.550535, 0.91656, 0.465865, 0.94637, 0.358655, 0.860365, 0.281465, 0.80844, 0.221155, 0.7406, 0.175, 3.0, 0.0, 2.0, 0.0, 2.0, 0.0, 2.0, 1.0, 1.0, 1.0, 1.0]
[1.0, 0.0, 1.0, 0.0, 1.0, 1.0, 1.0, 0.0, 0.0, 0.0, 0.0, 0.5, 0.5, 0.5, 0.0, 0.57258, 0.77047, 0.30335, 0.0, 0.227665, 0.150125, 1.0, 0.5, 2.0, 4.0, 4.0, 3.0, 4.0, 4.0, 1.0, 3.0, 4.0, 1.0, 4.0]
[1.0, 0.0, 0.0, 0.0, 1.0, 1.0, 0.0, 0.0, 1.0, 0.0, 0.0, 0.5, 0.5, 0.5, 0.0, 0.38793, 0.221445, 0.08351499999999995, 0.8847, 0.815735, 0.5, 0.5, 0.76724, 3.0, 0.0, 3.0, 4.0, 0.0, 0.0, 4.0, 2.0, 2.0, 2.0, 2.0]
[1.0, 0.0, 1.0, 1.0, 1.0, 0.0, 1.0, 0.0, 1.0, 1.0, 1.0, 0.51065, 0.98944, 0.515365, 0.99585, 0.51169, 0.969645, 0.528565, 0.96776, 0.526395, 0.98869, 0.52762, 1.0, 2.0, 4.0, 2.0, 4.0, 2.0, 4.0, 2.0, 4.0, 2.0, 4.0, 2.0]
[1.0, 0.0, 1.0, 0.0, 1.0, 0.0, 1.0, 0.0, 1.0, 0.0, 1.0, 0.37495, 1.0, 0.369195, 1.0, 0.390125, 1.0, 0.30697, 1.0, 0.26919000000000004, 1.0, 0.322405, 1.0, 1.0, 4.0, 1.0, 4.0, 1.0, 4.0, 0.0, 4.0, 0.0, 4.0, 0.0]
[1.0, 0.0, 1.0, 0.0, 1.0, 1.0, 1.0, 0.0, 1.0, 0.0, 1.0, 0.49973, 0.726415, 0.537735, 0.81132, 0.4717, 0.99439, 0.499575, 0.76415, 0.5, 0.76415, 0.537735, 0.97595, 2.0, 4.0, 4.0, 4.0, 2.0, 4.0, 0.0, 4.0, 3.0, 3.0, 2.0]
[1.0, 0.0, 1.0, 0.0, 1.0, 1.0, 1.0, 1.0, 1.0, 1.0, 1.0, 0.511905, 0.65476, 0.47619, 0.65476, 0.47619, 0.642855, 0.440475, 0.6666650000000001, 0.52381, 0.65476, 0.5, 0.607145, 2.0, 3.0, 2.0, 3.0, 2.0, 2.0, 2.0, 2.0, 2.0, 2.0, 2.0]
[1.0, 0.0, 1.0, 1.0, 1.0, 1.0, 1.0, 1.0, 0.0, 1.0, 0.0, 0.742425, 0.21212, 0.5, 0.21212, 0.439395, 0.333335, 0.257575, 0.454545, 0.07576000000000005, 0.742425, 0.21212, 0.78788, 1.0, 4.0, 1.0, 4.0, 2.0, 4.0, 3.0, 3.0, 3.0, 2.0, 3.0]
[0.0, 0.0, 1.0, 0.0, 1.0, 1.0, 1.0, 0.0, 1.0, 1.0, 1.0, 0.0, 1.0, 0.0, 1.0, 0.0, 1.0, 1.0, 1.0, 1.0, 1.0, 1.0, 1.0, 0.0, 4.0, 4.0, 4.0, 4.0, 4.0, 4.0, 4.0, 4.0, 4.0, 0.0]
[1.0, 0.0, 1.0, 1.0, 1.0, 1.0, 1.0, 1.0, 1.0, 1.0, 1.0, 0.86919, 0.74349, 0.91807, 0.6522950000000001, 0.953325, 0.589795, 0.967145, 0.496495, 0.965545, 0.4056, 0.946915, 0.334885, 4.0, 1.0, 4.0, 1.0, 4.0, 0.0, 3.0, 0.0, 3.0, 0.0, 3.0]
[1.0, 0.0, 1.0, 1.0, 1.0, 1.0, 1.0, 1.0, 1.0, 0.0, 1.0, 0.5, 0.90909, 0.272725, 0.81818, 0.6363650000000001, 1.0, 0.18182, 1.0, 0.363635, 0.954545, 0.272725, 1.0, 2.0, 4.0, 2.0, 4.0, 2.0, 4.0, 3.0, 4.0, 4.0, 4.0, 3.0]
[1.0, 0.0, 1.0, 1.0, 1.0, 1.0, 1.0, 1.0, 0.0, 1.0, 0.0, 0.923025, 0.11170000000000002, 0.792555, 0.03590500000000002, 0.625665, 0.03858999999999996, 0.423425, 0.11968, 0.25798, 0.245345, 0.11901499999999998, 0.425525, 0.0, 3.0, 0.0, 3.0, 0.0, 4.0, 1.0, 4.0, 2.0, 4.0, 3.0]
[1.0, 0.0, 1.0, 0.0, 1.0, 0.0, 0.0, 0.0, 1.0, 0.0, 1.0, 0.161285, 0.67216, 0.151465, 0.241575, 0.01242500000000002, 0.527495, 0.188815, 0.665545, 0.0, 0.434245, 0.2735, 0.40972, 1.0, 1.0, 1.0, 1.0, 2.0, 2.0, 2.0, 2.0, 2.0, 2.0, 2.0]
[1.0, 0.0, 1.0, 0.0, 1.0, 0.0, 1.0, 0.0, 1.0, 0.0, 1.0, 0.55184, 1.0, 0.428765, 0.99632, 0.48729, 0.979265, 0.42241, 0.920065, 0.8086949999999998, 1.0, 0.418395, 0.93746, 2.0, 4.0, 2.0, 4.0, 2.0, 4.0, 2.0, 4.0, 2.0, 4.0, 2.0]
[1.0, 0.0, 1.0, 1.0, 1.0, 1.0, 1.0, 1.0, 1.0, 0.0, 1.0, 0.5129, 0.91625, 0.46929, 0.93767, 0.5491550000000001, 0.8827199999999998, 0.5014, 0.87603, 0.473525, 0.829805, 0.460475, 0.82079, 2.0, 3.0, 2.0, 3.0, 2.0, 3.0, 2.0, 3.0, 2.0, 3.0, 2.0]
[1.0, 0.0, 1.0, 0.0, 1.0, 0.0, 1.0, 0.0, 1.0, 1.0, 1.0, 0.55696, 0.962025, 0.531645, 0.92405, 0.481015, 0.816455, 0.316455, 0.93671, 0.49367, 0.968355, 0.531645, 1.0, 3.0, 4.0, 1.0, 4.0, 2.0, 4.0, 2.0, 3.0, 2.0, 4.0, 2.0]
[1.0, 0.0, 1.0, 1.0, 1.0, 1.0, 1.0, 1.0, 1.0, 1.0, 1.0, 0.55685, 0.955805, 0.5216, 0.95369, 0.5250900000000001, 0.936695, 0.51421, 0.97933, 0.5, 0.945485, 0.535235, 0.94215, 2.0, 4.0, 2.0, 4.0, 2.0, 4.0, 2.0, 4.0, 2.0, 4.0, 2.0]
[0.0, 0.0, 0.0, 0.0, 0.0, 0.0, 1.0, 0.0, 0.0, 0.0, 0.0, 0.0, 0.5, 0.5, 0.5, 0.5, 1.0, 1.0, 0.0, 0.0, 0.5, 0.5, 0.5, 2.0, 4.0, 4.0, 4.0, 4.0, 2.0, 2.0, 4.0, 4.0, 2.0, 2.0]
[1.0, 0.0, 1.0, 1.0, 1.0, 0.0, 1.0, 1.0, 1.0, 0.0, 1.0, 0.5026, 0.978325, 0.48468, 0.9763, 0.497975, 0.9974, 0.486705, 0.998845, 0.50896, 0.96792, 0.475145, 0.969075, 2.0, 4.0, 2.0, 4.0, 2.0, 4.0, 2.0, 4.0, 2.0, 4.0, 2.0]
[1.0, 0.0, 1.0, 1.0, 1.0, 0.0, 1.0, 1.0, 1.0, 0.0, 1.0, 0.50566, 0.83396, 0.43019, 0.860375, 0.48868, 0.884905, 0.543395, 0.809435, 0.460375, 0.879245, 0.38113, 0.8698099999999999, 2.0, 4.0, 2.0, 4.0, 2.0, 4.0, 2.0, 4.0, 2.0, 4.0, 2.0]
[1.0, 0.0, 1.0, 0.0, 1.0, 0.0, 1.0, 0.0, 1.0, 0.0, 1.0, 0.44534, 0.944265, 0.505895, 0.95391, 0.431405, 0.93569, 0.469455, 0.95391, 0.48821, 0.93998, 0.427115, 0.914255, 2.0, 4.0, 2.0, 4.0, 2.0, 4.0, 2.0, 4.0, 2.0, 4.0, 2.0]
[1.0, 0.0, 1.0, 1.0, 1.0, 1.0, 1.0, 1.0, 0.0, 1.0, 0.0, 0.79113, 0.039505000000000005, 0.583655, 0.08791499999999997, 0.37529, 0.203085, 0.18329, 0.37994, 0.08559499999999996, 0.594115, 0.106505, 0.7577849999999998, 1.0, 4.0, 1.0, 4.0, 2.0, 3.0, 3.0, 3.0, 3.0, 2.0, 3.0]
[1.0, 0.0, 1.0, 1.0, 1.0, 1.0, 1.0, 1.0, 1.0, 1.0, 0.0, 1.0, 0.104325, 0.8854599999999998, 0.0, 0.7013400000000001, 0.30477, 0.20683, 0.010464999999999947, 0.28589, 0.134585, 0.118305, 0.311645, 0.0, 3.0, 0.0, 3.0, 0.0, 3.0, 0.0, 4.0, 1.0, 4.0, 2.0]
[1.0, 0.0, 1.0, 0.0, 1.0, 1.0, 1.0, 0.0, 1.0, 1.0, 1.0, 0.491055, 0.942795, 0.774955, 0.95857, 0.21257, 0.875, 0.3524, 0.9333800000000002, 0.39948, 1.0, 1.0, 0.7330499999999999, 2.0, 4.0, 2.0, 4.0, 2.0, 4.0, 1.0, 4.0, 1.0, 4.0, 2.0]
[1.0, 0.0, 1.0, 1.0, 1.0, 0.0, 1.0, 0.0, 1.0, 0.0, 0.0, 0.49358, 0.507135, 0.48859, 0.5, 0.483595, 0.47646, 0.485735, 0.49144, 0.51783, 0.5107, 0.50214, 0.52568, 2.0, 2.0, 2.0, 2.0, 2.0, 2.0, 2.0, 2.0, 2.0, 2.0, 2.0]
[1.0, 0.0, 0.0, 0.0, 0.0, 0.0, 0.0, 0.0, 0.0, 1.0, 0.0, 0.5, 1.0, 0.686665, 0.44, 0.44, 0.5, 0.5, 0.0, 0.0, 0.5, 0.5, 1.0, 0.0, 2.0, 2.0, 4.0, 3.0, 2.0, 2.0, 2.0, 2.0, 2.0, 2.0]
[1.0, 0.0, 1.0, 1.0, 1.0, 1.0, 1.0, 1.0, 0.0, 1.0, 0.0, 0.5969, 0.19324, 0.62893, 0.029735000000000008, 0.472955, 0.434415, 0.428355, 0.348425, 0.276925, 0.442955, 0.07201499999999994, 0.51334, 1.0, 3.0, 2.0, 3.0, 2.0, 3.0, 2.0, 2.0, 2.0, 2.0, 3.0]
[1.0, 0.0, 1.0, 0.0, 1.0, 1.0, 1.0, 0.0, 1.0, 1.0, 1.0, 0.461015, 0.78983, 0.48983, 0.7661, 0.538985, 0.82034, 0.55932, 0.784745, 0.488135, 0.7661, 0.50339, 0.857625, 2.0, 3.0, 2.0, 3.0, 2.0, 3.0, 2.0, 3.0, 2.0, 3.0, 2.0]
[1.0, 0.0, 1.0, 0.0, 0.0, 0.0, 0.0, 0.0, 0.0, 0.0, 0.0, 0.5, 0.55769, 0.404645, 0.5, 0.5, 0.5, 0.5, 0.5, 0.5, 0.5, 0.5, 0.47436, 2.0, 2.0, 2.0, 2.0, 2.0, 2.0, 2.0, 2.0, 2.0, 2.0, 2.0]
[1.0, 0.0, 1.0, 1.0, 1.0, 1.0, 1.0, 1.0, 1.0, 1.0, 1.0, 0.91615, 0.574695, 0.947445, 0.525835, 0.9684100000000002, 0.37629, 0.919695, 0.285945, 0.8777699999999998, 0.248745, 0.812815, 0.172425, 3.0, 0.0, 3.0, 0.0, 2.0, 0.0, 2.0, 0.0, 2.0, 0.0, 1.0]
[1.0, 0.0, 1.0, 0.0, 1.0, 0.0, 1.0, 0.0, 1.0, 1.0, 1.0, 0.549605, 0.795635, 0.488095, 0.81349, 0.50595, 0.854165, 0.512895, 0.801585, 0.507935, 0.739085, 0.48611, 0.795635, 2.0, 3.0, 2.0, 4.0, 2.0, 4.0, 2.0, 4.0, 2.0, 4.0, 2.0]
[0.0, 0.0, 1.0, 0.0, 1.0, 1.0, 0.0, 0.0, 1.0, 0.0, 0.0, 0.5, 0.5, 0.5, 0.0, 1.0, 1.0, 0.0, 1.0, 0.0, 0.125, 1.0, 1.0, 0.0, 4.0, 0.0, 4.0, 0.0, 0.0, 0.0, 2.0, 2.0, 4.0, 0.0]
[1.0, 0.0, 1.0, 1.0, 1.0, 1.0, 1.0, 0.0, 1.0, 0.0, 1.0, 0.48245, 1.0, 0.493645, 1.0, 0.487095, 1.0, 0.494125, 0.992425, 0.500125, 1.0, 0.48694, 1.0, 2.0, 4.0, 2.0, 4.0, 2.0, 4.0, 2.0, 4.0, 2.0, 4.0, 2.0]
[1.0, 0.0, 1.0, 0.0, 1.0, 0.0, 1.0, 0.0, 1.0, 0.0, 1.0, 0.441175, 0.8333349999999998, 0.431375, 0.8235300000000002, 0.45098, 0.77451, 0.441175, 0.77451, 0.392155, 0.7941199999999998, 0.40196, 0.8333349999999998, 1.0, 3.0, 1.0, 3.0, 1.0, 3.0, 1.0, 3.0, 1.0, 3.0, 1.0]
[1.0, 0.0, 1.0, 0.0, 1.0, 1.0, 1.0, 0.0, 1.0, 1.0, 1.0, 0.52237, 0.979865, 0.51454, 1.0, 0.53244, 0.994405, 0.51678, 1.0, 0.517895, 0.9988800000000002, 0.54698, 0.978745, 2.0, 4.0, 2.0, 4.0, 2.0, 4.0, 2.0, 4.0, 2.0, 4.0, 2.0]
[1.0, 0.0, 1.0, 1.0, 1.0, 1.0, 1.0, 1.0, 1.0, 1.0, 1.0, 0.7959199999999998, 0.561225, 0.7755099999999998, 0.5, 0.7551, 0.46939, 0.7755099999999998, 0.39796, 0.7755099999999998, 0.35714500000000005, 0.72449, 0.35714500000000005, 3.0, 0.0, 3.0, 1.0, 2.0, 1.0, 2.0, 1.0, 2.0, 1.0, 1.0]
[1.0, 0.0, 1.0, 1.0, 1.0, 0.0, 1.0, 0.0, 1.0, 0.0, 1.0, 0.5, 1.0, 0.522725, 0.954545, 0.477275, 1.0, 0.5, 1.0, 0.5, 0.93182, 0.545455, 0.886365, 2.0, 4.0, 2.0, 4.0, 2.0, 4.0, 2.0, 4.0, 2.0, 4.0, 2.0]
[1.0, 0.0, 1.0, 1.0, 1.0, 1.0, 1.0, 1.0, 0.0, 1.0, 0.0, 0.7978199999999999, 0.06688999999999995, 0.609545, 0.07778999999999997, 0.37918, 0.20143, 0.19053000000000003, 0.40323, 0.06106499999999999, 0.562195, 0.054680000000000006, 0.7555449999999998, 0.0, 4.0, 1.0, 4.0, 2.0, 4.0, 3.0, 3.0, 4.0, 2.0, 4.0]
[1.0, 0.0, 1.0, 1.0, 1.0, 1.0, 1.0, 1.0, 1.0, 1.0, 1.0, 0.731405, 0.931325, 0.762585, 0.9141, 0.79397, 0.8662099999999998, 0.845325, 0.845015, 0.8657, 0.7723649999999999, 0.8441, 0.741695, 4.0, 3.0, 4.0, 3.0, 4.0, 3.0, 4.0, 2.0, 4.0, 2.0, 4.0]
[1.0, 0.0, 1.0, 0.0, 1.0, 0.0, 1.0, 0.0, 1.0, 1.0, 1.0, 0.28611, 1.0, 0.437095, 1.0, 0.082405, 0.7462949999999998, 0.50926, 0.91111, 0.47037, 0.991075, 0.40031, 1.0, 3.0, 4.0, 1.0, 4.0, 1.0, 4.0, 2.0, 4.0, 1.0, 4.0, 1.0]
[0.0, 0.0, 1.0, 1.0, 1.0, 0.0, 0.0, 0.0, 0.0, 0.0, 0.0, 0.0, 0.5, 0.5, 0.5, 0.5, 0.0, 1.0, 1.0, 1.0, 0.0, 1.0, 0.0, 4.0, 4.0, 0.0, 4.0, 4.0, 0.0, 4.0, 4.0, 4.0, 2.0, 2.0]
