1.000000000000000000e+00
1.000000000000000000e+00
1.000000000000000000e+00
1.000000000000000000e+00
8.000000000000000444e-01
6.666666666666666297e-01
7.142857142857143016e-01
6.250000000000000000e-01
6.666666666666666297e-01
6.999999999999999556e-01
7.272727272727272929e-01
6.666666666666666297e-01
6.153846153846154188e-01
5.714285714285713969e-01
5.333333333333333259e-01
5.000000000000000000e-01
5.294117647058823595e-01
5.555555555555555802e-01
5.263157894736841813e-01
5.500000000000000444e-01
5.714285714285713969e-01
5.909090909090909394e-01
6.086956521739130821e-01
6.250000000000000000e-01
5.999999999999999778e-01
5.769230769230768718e-01
5.555555555555555802e-01
5.714285714285713969e-01
5.862068965517240882e-01
5.666666666666666519e-01
5.483870967741935054e-01
5.312500000000000000e-01
5.454545454545454142e-01
5.294117647058823595e-01
5.428571428571428159e-01
5.277777777777777901e-01
5.405405405405405705e-01
5.526315789473684736e-01
5.641025641025640969e-01
5.500000000000000444e-01
5.609756097560976151e-01
5.476190476190476719e-01
5.581395348837209225e-01
5.454545454545454142e-01
5.333333333333333259e-01
5.217391304347825942e-01
5.106382978723403854e-01
5.208333333333333703e-01
5.102040816326530726e-01
5.000000000000000000e-01
5.098039215686274161e-01
5.192307692307692735e-01
5.283018867924528239e-01
5.185185185185184897e-01
5.090909090909090384e-01
5.000000000000000000e-01
4.912280701754385692e-01
4.827586206896551935e-01
4.745762711864406902e-01
4.666666666666666741e-01
4.590163934426229608e-01
4.677419354838709409e-01
4.761904761904761640e-01
4.843750000000000000e-01
4.769230769230769496e-01
4.696969696969697239e-01
4.626865671641791078e-01
4.558823529411764608e-01
4.492753623188405765e-01
4.428571428571428381e-01
4.507042253521126862e-01
4.444444444444444198e-01
4.383561643835616195e-01
4.324324324324324564e-01
4.266666666666666941e-01
4.342105263157894912e-01
4.415584415584415390e-01
4.487179487179487336e-01
4.556962025316455556e-01
4.625000000000000222e-01
4.567901234567900981e-01
4.634146341463414864e-01
4.698795180722891707e-01
4.642857142857143016e-01
4.588235294117646856e-01
4.534883720930232287e-01
4.482758620689655249e-01
4.431818181818181768e-01
4.382022471910112515e-01
4.333333333333333481e-01
4.285714285714285476e-01
4.347826086956521618e-01
4.408602150537634379e-01
4.468085106382978511e-01
4.421052631578947234e-01
4.375000000000000000e-01
4.432989690721649279e-01
4.489795918367346927e-01
4.545454545454545303e-01
4.600000000000000200e-01
4.653465346534653713e-01
4.705882352941176405e-01
4.757281553398058360e-01
4.807692307692307820e-01
4.761904761904761640e-01
4.716981132075471761e-01
4.766355140186915862e-01
4.722222222222222099e-01
4.678899082568807599e-01
4.636363636363636243e-01
4.684684684684684575e-01
4.732142857142856984e-01
4.690265486725663791e-01
4.649122807017543879e-01
4.608695652173913082e-01
4.568965517241379559e-01
4.615384615384615641e-01
4.576271186440677985e-01
4.537815126050420145e-01
4.500000000000000111e-01
4.545454545454545303e-01
4.508196721311475419e-01
4.471544715447154372e-01
4.516129032258064391e-01
4.560000000000000164e-01
4.523809523809523836e-01
4.566929133858267931e-01
4.609375000000000000e-01
4.573643410852712976e-01
4.615384615384615641e-01
4.580152671755725047e-01
4.545454545454545303e-01
4.511278195488721554e-01
4.477611940298507620e-01
4.518518518518518379e-01
4.558823529411764608e-01
4.598540145985401395e-01
4.565217391304347561e-01
4.604316546762590168e-01
4.571428571428571286e-01
4.539007092198581450e-01
4.577464788732394374e-01
4.615384615384615641e-01
4.583333333333333148e-01
4.620689655172413590e-01
4.589041095890410982e-01
4.625850340136054561e-01
4.594594594594594850e-01
4.630872483221476488e-01
4.600000000000000200e-01
4.569536423841059625e-01
4.539473684210526550e-01
4.575163398692810302e-01
4.610389610389610260e-01
4.580645161290322620e-01
4.551282051282051211e-01
4.585987261146496907e-01
4.620253164556962222e-01
4.591194968553459210e-01
4.562499999999999889e-01
4.596273291925465632e-01
4.629629629629629650e-01
4.601226993865030757e-01
4.573170731707317249e-01
4.545454545454545303e-01
4.578313253012047945e-01
4.550898203592814162e-01
4.583333333333333148e-01
4.615384615384615641e-01
4.588235294117646856e-01
4.619883040935672258e-01
4.651162790697674354e-01
4.682080924855491211e-01
4.655172413793103314e-01
4.685714285714285832e-01
4.715909090909091161e-01
4.689265536723163930e-01
4.662921348314606473e-01
4.636871508379888374e-01
4.611111111111111382e-01
4.585635359116022047e-01
4.615384615384615641e-01
4.590163934426229608e-01
4.619565217391304324e-01
4.594594594594594850e-01
4.569892473118279397e-01
4.545454545454545303e-01
4.521276595744680993e-01
4.497354497354497105e-01
4.473684210526315819e-01
4.502617801047120172e-01
4.479166666666666852e-01
4.507772020725388518e-01
4.484536082474226970e-01
4.512820512820512886e-01
4.489795918367346927e-01
4.517766497461929154e-01
4.494949494949495028e-01
4.472361809045226066e-01
4.500000000000000111e-01
4.527363184079601921e-01
4.554455445544554615e-01
4.581280788177339858e-01
4.558823529411764608e-01
4.585365853658536772e-01
4.611650485436893376e-01
4.637681159420289911e-01
4.615384615384615641e-01
4.641148325358851467e-01
4.666666666666666741e-01
4.644549763033175571e-01
4.669811320754717054e-01
4.647887323943661886e-01
4.672897196261682207e-01
4.697674418604650959e-01
4.722222222222222099e-01
4.700460829493087744e-01
4.724770642201834847e-01
4.748858447488584211e-01
4.727272727272727182e-01
4.705882352941176405e-01
4.684684684684684575e-01
4.663677130044843189e-01
4.687500000000000000e-01
4.666666666666666741e-01
4.646017699115044253e-01
4.669603524229075098e-01
4.692982456140351033e-01
4.672489082969432106e-01
4.695652173913043570e-01
4.675324675324675217e-01
4.655172413793103314e-01
4.678111587982832775e-01
4.700854700854700807e-01
4.723404255319149092e-01
4.745762711864406902e-01
4.725738396624472593e-01
4.747899159663865332e-01
4.769874476987447931e-01
4.791666666666666852e-01
4.771784232365145484e-01
4.752066115702479610e-01
4.732510288065843729e-01
4.713114754098360892e-01
4.693877551020408379e-01
4.715447154471544833e-01
4.696356275303643635e-01
4.717741935483871218e-01
4.698795180722891707e-01
4.680000000000000271e-01
4.701195219123506241e-01
4.682539682539682557e-01
4.703557312252964473e-01
4.685039370078740162e-01
4.666666666666666741e-01
4.648437500000000000e-01
4.630350194552529386e-01
4.612403100775193665e-01
4.633204633204633383e-01
4.653846153846153966e-01
4.674329501915708840e-01
4.656488549618320594e-01
4.638783269961977429e-01
4.621212121212120993e-01
4.603773584905660465e-01
4.586466165413533580e-01
4.606741573033708015e-01
4.626865671641791078e-01
4.646840148698884732e-01
4.629629629629629650e-01
4.612546125461254864e-01
4.595588235294117418e-01
4.578754578754578586e-01
4.562043795620437936e-01
4.581818181818181901e-01
4.601449275362318736e-01
4.620938628158844930e-01
4.604316546762590168e-01
4.623655913978494403e-01
4.642857142857143016e-01
4.626334519572953830e-01
4.609929078014184389e-01
4.593639575971731337e-01
4.612676056338028130e-01
4.596491228070175294e-01
4.615384615384615641e-01
4.634146341463414864e-01
4.618055555555555802e-01
4.602076124567474058e-01
4.586206896551723866e-01
4.570446735395188864e-01
4.589041095890410982e-01
4.607508532423208458e-01
4.591836734693877653e-01
4.576271186440677985e-01
4.560810810810810856e-01
4.579124579124579375e-01
4.563758389261745041e-01
4.581939799331103402e-01
4.566666666666666652e-01
4.551495016611295519e-01
4.536423841059602502e-01
4.554455445544554615e-01
4.539473684210526550e-01
4.524590163934426035e-01
4.509803921568627527e-01
4.495114006514657756e-01
4.480519480519480346e-01
4.466019417475728392e-01
4.483870967741935276e-01
4.469453376205787531e-01
4.455128205128205399e-01
4.440894568690095801e-01
4.426751592356688025e-01
4.412698412698412564e-01
4.430379746835442778e-01
4.447949526813880228e-01
4.433962264150943522e-01
4.451410658307209944e-01
4.468750000000000222e-01
4.485981308411214896e-01
4.472049689440993903e-01
4.489164086687306709e-01
4.506172839506172867e-01
4.492307692307692113e-01
4.478527607361963425e-01
4.464831804281345629e-01
4.451219512195122019e-01
4.437689969604863283e-01
4.454545454545454364e-01
4.471299093655589085e-01
4.457831325301204739e-01
4.444444444444444198e-01
4.461077844311377438e-01
4.477611940298507620e-01
4.464285714285714524e-01
4.480712166172106659e-01
4.467455621301775204e-01
4.454277286135693292e-01
4.470588235294117863e-01
4.486803519061583478e-01
4.473684210526315819e-01
4.460641399416909736e-01
4.476744186046511809e-01
4.463768115942028936e-01
4.479768786127167890e-01
4.466858789625360315e-01
4.482758620689655249e-01
4.469914040114613130e-01
4.457142857142857295e-01
4.472934472934472772e-01
4.488636363636363535e-01
4.475920679886685738e-01
4.463276836158192040e-01
4.478873239436619857e-01
4.494382022471909988e-01
4.509803921568627527e-01
4.497206703910614500e-01
4.484679665738161569e-01
4.472222222222222432e-01
4.459833795013850577e-01
4.475138121546961556e-01
4.490358126721762932e-01
4.478021978021978211e-01
4.465753424657534221e-01
4.453551912568305959e-01
4.441416893732970106e-01
4.429347826086956763e-01
4.444444444444444198e-01
4.432432432432432678e-01
4.420485175202156225e-01
4.435483870967741882e-01
4.423592493297587303e-01
4.438502673796791420e-01
4.453333333333333588e-01
4.468085106382978511e-01
4.456233421750663282e-01
4.470899470899470929e-01
4.485488126649076479e-01
4.500000000000000111e-01
4.514435695538057680e-01
4.528795811518324665e-01
4.516971279373367953e-01
4.531250000000000000e-01
4.519480519480519320e-01
4.533678756476683946e-01
4.547803617571059553e-01
4.561855670103092675e-01
4.575835475578406419e-01
4.589743589743589536e-01
4.603580562659846387e-01
4.591836734693877653e-01
4.580152671755725047e-01
4.593908629441624258e-01
4.582278481012658222e-01
4.595959595959596133e-01
4.584382871536523685e-01
4.597989949748743643e-01
4.586466165413533580e-01
4.600000000000000200e-01
4.588528678304239494e-01
4.601990049751243927e-01
4.615384615384615641e-01
4.603960396039604164e-01
4.617283950617284138e-01
4.630541871921182162e-01
4.643734643734643841e-01
4.656862745098039325e-01
4.669926650366748033e-01
4.658536585365853910e-01
4.647201946472019340e-01
4.635922330097087540e-01
4.648910411622276251e-01
4.637681159420289911e-01
4.626506024096385672e-01
4.639423076923077094e-01
4.628297362110311841e-01
4.617224880382775343e-01
4.606205250596658862e-01
4.595238095238095011e-01
4.584323040380047232e-01
4.573459715639810463e-01
4.562647754137115763e-01
4.551886792452830011e-01
4.564705882352941280e-01
4.553990610328638722e-01
4.543325526932084357e-01
4.556074766355140415e-01
4.545454545454545303e-01
4.534883720930232287e-01
4.524361948955916701e-01
4.537037037037037202e-01
4.549653579676674608e-01
4.562211981566820507e-01
4.574712643678160995e-01
4.564220183486238369e-01
4.576659038901602083e-01
4.566210045662100203e-01
4.578587699316628568e-01
4.590909090909091050e-01
4.580498866213151832e-01
4.592760180995474895e-01
4.582392776523702138e-01
4.594594594594594850e-01
4.584269662921348076e-01
4.596412556053811604e-01
4.586129753914988672e-01
4.575892857142856984e-01
4.565701559020044487e-01
4.555555555555555469e-01
4.545454545454545303e-01
4.535398230088495408e-01
4.547461368653421543e-01
4.537444933920704582e-01
4.549450549450549386e-01
4.539473684210526550e-01
4.529540481400437524e-01
4.541484716157205281e-01
4.531590413943354934e-01
4.543478260869565077e-01
4.533622559652928374e-01
4.523809523809523836e-01
4.535637149028077797e-01
4.525862068965517127e-01
4.516129032258064391e-01
4.506437768240343367e-01
4.496788008565310579e-01
4.508547008547008628e-01
4.498933901918976686e-01
4.489361702127659393e-01
4.501061571125265504e-01
4.512711864406779849e-01
4.503171247357293794e-01
4.493670886075949444e-01
4.505263157894736636e-01
4.516806722689075682e-01
4.507337526205450473e-01
4.518828451882845321e-01
4.509394572025052228e-01
4.500000000000000111e-01
4.511434511434511685e-01
4.522821576763485507e-01
4.534161490683230045e-01
4.524793388429751984e-01
4.536082474226804107e-01
4.547325102880658276e-01
4.558521560574948506e-01
4.569672131147540783e-01
4.580777096114519442e-01
4.591836734693877653e-01
4.602851323828920371e-01
4.613821138211381956e-01
4.624746450304259571e-01
4.615384615384615641e-01
4.626262626262626076e-01
4.616935483870967527e-01
4.627766599597585295e-01
4.618473895582329569e-01
4.609218436873747660e-01
4.600000000000000200e-01
4.610778443113772718e-01
4.601593625498007767e-01
4.592445328031808938e-01
4.583333333333333148e-01
4.574257425742574434e-01
4.565217391304347561e-01
4.556213017751479244e-01
4.547244094488189226e-01
4.557956777996070574e-01
4.568627450980392024e-01
4.559686888454011489e-01
4.550781250000000000e-01
4.561403508771929571e-01
4.571984435797665225e-01
4.563106796116505048e-01
4.554263565891472632e-01
4.564796905222436862e-01
4.555984555984555762e-01
4.566473988439306297e-01
4.576923076923076761e-01
4.587332053742802507e-01
4.597701149425287293e-01
4.608030592734225772e-01
4.599236641221374211e-01
4.590476190476190377e-01
4.581749049429657550e-01
4.592030360531309530e-01
4.583333333333333148e-01
4.574669187145557481e-01
4.584905660377358583e-01
4.576271186440677985e-01
4.567669172932330990e-01
4.577861163227016639e-01
4.569288389513108672e-01
4.579439252336448551e-01
4.570895522388059851e-01
4.581005586592178935e-01
4.572490706319702336e-01
4.582560296846011072e-01
4.574074074074074292e-01
4.565619223659889148e-01
4.575645756457564772e-01
4.567219152854511965e-01
4.558823529411764608e-01
4.550458715596330528e-01
4.560439560439560336e-01
4.552102376599634348e-01
4.543795620437955929e-01
4.535519125683060149e-01
4.527272727272727004e-01
4.537205081669691276e-01
4.547101449275362528e-01
4.538878842676311032e-01
4.548736462093863064e-01
4.558558558558558627e-01
4.568345323741007102e-01
4.578096947935367811e-01
4.569892473118279397e-01
4.561717352415026738e-01
4.571428571428571286e-01
4.581105169340463634e-01
4.572953736654804535e-01
4.564831261101243154e-01
4.574468085106382920e-01
4.584070796460176789e-01
4.575971731448763014e-01
4.567901234567900981e-01
4.577464788732394374e-01
4.569420035149384662e-01
4.561403508771929571e-01
4.553415061295971733e-01
4.545454545454545303e-01
4.554973821989528604e-01
4.547038327526132240e-01
4.539130434782608914e-01
4.548611111111111049e-01
4.540727902946273820e-01
4.550173010380622607e-01
4.559585492227979375e-01
4.551724137931034697e-01
4.561101549053356297e-01
4.570446735395188864e-01
4.579759862778730595e-01
4.571917808219178037e-01
4.581196581196581019e-01
4.590443686006825952e-01
4.582623509369676551e-01
4.574829931972789199e-01
4.567062818336162788e-01
4.576271186440677985e-01
4.585448392554991592e-01
4.577702702702702853e-01
4.569983136593591677e-01
4.562289562289562062e-01
4.554621848739495715e-01
4.546979865771811902e-01
4.556113902847571118e-01
4.565217391304347561e-01
4.557595993322203776e-01
4.550000000000000155e-01
4.542429284525790201e-01
4.534883720930232287e-01
4.527363184079601921e-01
4.536423841059602502e-01
4.545454545454545303e-01
4.537953795379537913e-01
4.546952224052718261e-01
4.555921052631579093e-01
4.548440065681444988e-01
4.557377049180327822e-01
4.566284779050736597e-01
4.575163398692810302e-01
4.584013050570962533e-01
4.592833876221498191e-01
4.601626016260162433e-01
4.594155844155843882e-01
4.586709886547811754e-01
4.579288025889967639e-01
4.571890145395799410e-01
4.580645161290322620e-01
4.589371980676328344e-01
4.581993569131832533e-01
4.574638844301765483e-01
4.583333333333333148e-01
4.591999999999999971e-01
4.584664536741214214e-01
4.577352472089314395e-01
4.570063694267516019e-01
4.562798092209857104e-01
4.555555555555555469e-01
4.548335974643423207e-01
4.556962025316455556e-01
4.549763033175355242e-01
4.558359621451104071e-01
4.551181102362204522e-01
4.544025157232704504e-01
4.552590266875981007e-01
4.561128526645767955e-01
4.569640062597808972e-01
4.578125000000000111e-01
4.570982839313572632e-01
4.579439252336448551e-01
4.587869362363919401e-01
4.580745341614906874e-01
4.589147286821705363e-01
4.597523219814241280e-01
4.590417310664605677e-01
4.583333333333333148e-01
4.576271186440677985e-01
4.569230769230769318e-01
4.577572964669738842e-01
4.570552147239264063e-01
4.578866768759571326e-01
4.571865443425076614e-01
4.580152671755725047e-01
4.588414634146341653e-01
4.596651445966514204e-01
4.604863221884498703e-01
4.613050075872534017e-01
4.606060606060606299e-01
4.614220877458396486e-01
4.607250755287009003e-01
4.615384615384615641e-01
4.608433734939759163e-01
4.601503759398496429e-01
4.594594594594594850e-01
4.587706146926536777e-01
4.595808383233532801e-01
4.588938714499252725e-01
4.582089552238806096e-01
4.575260804769001322e-01
4.583333333333333148e-01
4.576523031203565961e-01
4.569732937685460072e-01
4.562962962962963109e-01
4.556213017751479244e-01
4.549483013293944000e-01
4.557522123893805177e-01
4.565537555228276756e-01
4.558823529411764608e-01
4.566813509544787042e-01
4.574780058651026216e-01
4.582723279648608927e-01
4.576023391812865659e-01
4.569343065693430850e-01
4.577259475218659057e-01
4.585152838427947741e-01
4.593023255813953321e-01
4.586357039187227702e-01
4.579710144927536253e-01
4.573082489146165219e-01
4.566473988439306297e-01
4.559884559884559985e-01
4.553314121037463913e-01
4.546762589928057818e-01
4.554597701149425415e-01
4.562410329985652768e-01
4.555873925501432442e-01
4.549356223175965441e-01
4.557142857142857384e-01
4.550641940085591863e-01
4.558404558404558493e-01
4.551920341394025682e-01
4.545454545454545303e-01
4.539007092198581450e-01
4.532577903682719622e-01
4.540311173974540537e-01
4.533898305084745894e-01
4.527503526093089037e-01
4.521126760563380365e-01
4.528832630098452716e-01
4.522471910112359494e-01
4.516129032258064391e-01
4.509803921568627527e-01
4.517482517482517279e-01
4.525139664804469497e-01
4.532775453277545497e-01
4.540389972144846520e-01
4.534075104311544036e-01
4.527777777777777790e-01
4.521497919556172196e-01
4.515235457063712099e-01
4.508990318118948903e-01
4.516574585635358963e-01
4.524137931034482585e-01
4.517906336088154395e-01
4.511691884456671131e-01
4.505494505494505586e-01
4.499314128943758817e-01
4.493150684931506711e-01
4.487004103967168200e-01
4.494535519125683054e-01
4.488403819918144744e-01
4.495912806539509310e-01
4.489795918367346927e-01
4.483695652173912971e-01
4.477611940298507620e-01
4.471544715447154372e-01
4.479025710419485828e-01
4.472972972972972805e-01
4.480431848852901577e-01
4.474393530997304858e-01
4.481830417227456453e-01
4.475806451612903136e-01
4.469798657718120904e-01
4.463806970509383576e-01
4.457831325301204739e-01
4.451871657754010725e-01
4.445927903871829123e-01
4.440000000000000058e-01
4.447403462050599221e-01
4.454787234042553168e-01
4.448871181938910957e-01
4.456233421750663282e-01
4.463576158940397165e-01
4.457671957671957563e-01
4.451783355350066307e-01
4.445910290237466977e-01
4.440052700922266227e-01
4.434210526315789380e-01
4.428383705650459912e-01
4.422572178477690019e-01
4.429882044560943810e-01
4.437172774869109770e-01
4.431372549019607643e-01
4.438642297650130519e-01
4.432855280312907320e-01
4.427083333333333148e-01
