1.000000000000000000e+00
5.000000000000000000e-01
3.333333333333333148e-01
2.500000000000000000e-01
2.000000000000000111e-01
3.333333333333333148e-01
4.285714285714285476e-01
3.750000000000000000e-01
3.333333333333333148e-01
2.999999999999999889e-01
3.636363636363636465e-01
3.333333333333333148e-01
3.846153846153846367e-01
4.285714285714285476e-01
4.000000000000000222e-01
3.750000000000000000e-01
3.529411764705882582e-01
3.333333333333333148e-01
3.157894736842105088e-01
2.999999999999999889e-01
3.333333333333333148e-01
3.181818181818181768e-01
3.043478260869565410e-01
3.333333333333333148e-01
3.599999999999999867e-01
3.846153846153846367e-01
4.074074074074073848e-01
3.928571428571428492e-01
3.793103448275861878e-01
4.000000000000000222e-01
3.870967741935483764e-01
3.750000000000000000e-01
3.939393939393939226e-01
3.823529411764705621e-01
3.714285714285714413e-01
3.611111111111111049e-01
3.783783783783783994e-01
3.684210526315789269e-01
3.846153846153846367e-01
3.750000000000000000e-01
3.902439024390244038e-01
4.047619047619047672e-01
3.953488372093023062e-01
3.863636363636363535e-01
3.777777777777777679e-01
3.913043478260869734e-01
3.829787234042553168e-01
3.958333333333333148e-01
3.877551020408163129e-01
3.800000000000000044e-01
3.725490196078431460e-01
3.653846153846153633e-01
3.773584905660377631e-01
3.703703703703703498e-01
3.636363636363636465e-01
3.571428571428571508e-01
3.508771929824561209e-01
3.448275862068965747e-01
3.389830508474576121e-01
3.333333333333333148e-01
3.278688524590163689e-01
3.387096774193548154e-01
3.333333333333333148e-01
3.281250000000000000e-01
3.384615384615384803e-01
3.333333333333333148e-01
3.283582089552238847e-01
3.235294117647058987e-01
3.188405797101449002e-01
3.285714285714285698e-01
3.239436619718309984e-01
3.194444444444444198e-01
3.287671232876712146e-01
3.378378378378378288e-01
3.333333333333333148e-01
3.421052631578947456e-01
3.506493506493506551e-01
3.589743589743589758e-01
3.544303797468354444e-01
3.499999999999999778e-01
3.456790123456789932e-01
3.414634146341463672e-01
3.373493975903614217e-01
3.333333333333333148e-01
3.411764705882353033e-01
3.372093023255813837e-01
3.448275862068965747e-01
3.409090909090908839e-01
3.370786516853932491e-01
3.333333333333333148e-01
3.406593406593406703e-01
3.369565217391304324e-01
3.333333333333333148e-01
3.404255319148936088e-01
3.368421052631578871e-01
3.437500000000000000e-01
3.402061855670103219e-01
3.367346938775510057e-01
3.434343434343434254e-01
3.400000000000000244e-01
3.465346534653465094e-01
3.431372549019607865e-01
3.398058252427184622e-01
3.461538461538461453e-01
3.428571428571428603e-01
3.396226415094339424e-01
3.364485981308411033e-01
3.333333333333333148e-01
3.394495412844036886e-01
3.363636363636363646e-01
3.423423423423423428e-01
3.482142857142856984e-01
3.451327433628318397e-01
3.421052631578947456e-01
3.478260869565217295e-01
3.534482758620689502e-01
3.504273504273504036e-01
3.559322033898305038e-01
3.613445378151260434e-01
3.666666666666666408e-01
3.719008264462809743e-01
3.688524590163934636e-01
3.739837398373983546e-01
3.709677419354838745e-01
3.679999999999999938e-01
3.730158730158730229e-01
3.700787401574803237e-01
3.750000000000000000e-01
3.798449612403100861e-01
3.846153846153846367e-01
3.893129770992366234e-01
3.863636363636363535e-01
3.909774436090225347e-01
3.880597014925373234e-01
3.851851851851851860e-01
3.823529411764705621e-01
3.795620437956204185e-01
3.768115942028985588e-01
3.741007194244604372e-01
3.785714285714285587e-01
3.758865248226950229e-01
3.732394366197183122e-01
3.776223776223776030e-01
3.819444444444444198e-01
3.793103448275861878e-01
3.835616438356164171e-01
3.877551020408163129e-01
3.918918918918918859e-01
3.892617449664429463e-01
3.866666666666666585e-01
3.907284768211920500e-01
3.947368421052631637e-01
3.921568627450980338e-01
3.896103896103896291e-01
3.935483870967741993e-01
3.910256410256410242e-01
3.949044585987261380e-01
3.924050632911392222e-01
3.899371069182390181e-01
3.937499999999999889e-01
3.975155279503105321e-01
3.950617283950617065e-01
3.926380368098159601e-01
3.963414634146341653e-01
3.939393939393939226e-01
3.915662650602409478e-01
3.892215568862275599e-01
3.928571428571428492e-01
3.905325443786982209e-01
3.941176470588235170e-01
3.918128654970760016e-01
3.953488372093023062e-01
3.988439306358381731e-01
3.965517241379310498e-01
4.000000000000000222e-01
3.977272727272727071e-01
3.954802259887005844e-01
3.932584269662921517e-01
3.910614525139664566e-01
3.944444444444444309e-01
3.977900552486187680e-01
4.010989010989011172e-01
3.989071038251366108e-01
3.967391304347825942e-01
3.945945945945946165e-01
3.924731182795698770e-01
3.903743315508021450e-01
3.936170212765957577e-01
3.915343915343915127e-01
3.947368421052631637e-01
3.979057591623036405e-01
4.010416666666666852e-01
3.989637305699481606e-01
4.020618556701031077e-01
4.000000000000000222e-01
3.979591836734693855e-01
3.959390862944162648e-01
3.939393939393939226e-01
3.969849246231155759e-01
3.950000000000000178e-01
3.980099502487562391e-01
3.960396039603960583e-01
3.990147783251231650e-01
3.970588235294117418e-01
4.000000000000000222e-01
3.980582524271844558e-01
3.961352657004830746e-01
3.990384615384615641e-01
4.019138755980861122e-01
4.000000000000000222e-01
3.981042654028436045e-01
3.962264150943396457e-01
3.990610328638497517e-01
3.971962616822429792e-01
3.953488372093023062e-01
3.935185185185185452e-01
3.963133640552995440e-01
3.990825688073394439e-01
3.972602739726027177e-01
3.954545454545454475e-01
3.981900452488687514e-01
3.963963963963963999e-01
3.991031390134529011e-01
3.973214285714285476e-01
3.955555555555555491e-01
3.982300884955752296e-01
3.964757709251101048e-01
3.947368421052631637e-01
3.973799126637554413e-01
3.956521739130434701e-01
3.939393939393939226e-01
3.922413793103448065e-01
3.948497854077253066e-01
3.974358974358974117e-01
4.000000000000000222e-01
3.983050847457627053e-01
4.008438818565400741e-01
3.991596638655462437e-01
3.974895397489539572e-01
3.958333333333333148e-01
3.941908713692945931e-01
3.925619834710744049e-01
3.909465020576131655e-01
3.934426229508196649e-01
3.959183673469387488e-01
3.943089430894308745e-01
3.967611336032388913e-01
3.991935483870967527e-01
3.975903614457831359e-01
3.960000000000000187e-01
3.984063745019920111e-01
4.007936507936508130e-01
3.992094861660079319e-01
4.015748031496063075e-01
4.000000000000000222e-01
3.984375000000000000e-01
3.968871595330739077e-01
3.953488372093023062e-01
3.938223938223938125e-01
3.923076923076923017e-01
3.908045977011494476e-01
3.893129770992366234e-01
3.916349809885931732e-01
3.901515151515151381e-01
3.886792452830188926e-01
3.872180451127819611e-01
3.857677902621722832e-01
3.880597014925373234e-01
3.866171003717472354e-01
3.888888888888888951e-01
3.874538745387454131e-01
3.860294117647058987e-01
3.846153846153846367e-01
3.868613138686131658e-01
3.854545454545454386e-01
3.840579710144927383e-01
3.826714801444043301e-01
3.848920863309352458e-01
3.870967741935483764e-01
3.892857142857142905e-01
3.879003558718860933e-01
3.865248226950354637e-01
3.851590106007067305e-01
3.873239436619718146e-01
3.859649122807017330e-01
3.846153846153846367e-01
3.832752613240418271e-01
3.819444444444444198e-01
3.840830449826989623e-01
3.827586206896551602e-01
3.848797250859106733e-01
3.869863013698630061e-01
3.856655290102389277e-01
3.843537414965986221e-01
3.864406779661017088e-01
3.851351351351351426e-01
3.872053872053872192e-01
3.859060402684563740e-01
3.846153846153846367e-01
3.833333333333333592e-01
3.853820598006644782e-01
3.874172185430463378e-01
3.861386138613861485e-01
3.881578947368420907e-01
3.868852459016393630e-01
3.856209150326797563e-01
3.876221498371335561e-01
3.896103896103896291e-01
3.883495145631067902e-01
3.870967741935483764e-01
3.858520900321543157e-01
3.878205128205128305e-01
3.865814696485623259e-01
3.885350318471337827e-01
3.904761904761904767e-01
3.924050632911392222e-01
3.943217665615141865e-01
3.930817610062893319e-01
3.949843260188087846e-01
3.937499999999999889e-01
3.956386292834890850e-01
3.944099378881987805e-01
3.931888544891640747e-01
3.919753086419753285e-01
3.938461538461538458e-01
3.926380368098159601e-01
3.944954128440367191e-01
3.963414634146341653e-01
3.951367781155015191e-01
3.939393939393939226e-01
3.927492447129909414e-01
3.945783132530120696e-01
3.963963963963963999e-01
3.952095808383233599e-01
3.940298507462686728e-01
3.958333333333333148e-01
3.946587537091988396e-01
3.964497041420118606e-01
3.982300884955752296e-01
3.970588235294117418e-01
3.988269794721407413e-01
4.005847953216374324e-01
3.994169096209912451e-01
4.011627906976744096e-01
4.028985507246377051e-01
4.046242774566474187e-01
4.034582132564841772e-01
4.051724137931034253e-01
4.040114613180516012e-01
4.057142857142856940e-01
4.045584045584045829e-01
4.034090909090908839e-01
4.050991501416430496e-01
4.039548022598870025e-01
4.056338028169014231e-01
4.044943820224718989e-01
4.061624649859943981e-01
4.050279329608938439e-01
4.038997214484679743e-01
4.055555555555555580e-01
4.044321329639889440e-01
4.033149171270718480e-01
4.049586776859503967e-01
4.065934065934065922e-01
4.054794520547945202e-01
4.043715846994535568e-01
4.032697547683923855e-01
4.021739130434782705e-01
4.037940379403793800e-01
4.027027027027026973e-01
4.016172506738544534e-01
4.005376344086021279e-01
3.994638069705093719e-01
3.983957219251336723e-01
3.973333333333333162e-01
3.989361702127659504e-01
4.005305039787798171e-01
4.021164021164020941e-01
4.010554089709762460e-01
4.000000000000000222e-01
4.015748031496063075e-01
4.031413612565444837e-01
4.020887728459530130e-01
4.010416666666666852e-01
4.000000000000000222e-01
3.989637305699481606e-01
4.005167958656331018e-01
3.994845360824742508e-01
3.984575835475578365e-01
3.974358974358974117e-01
3.989769820971866832e-01
4.005102040816326259e-01
3.994910941475827149e-01
4.010152284263959199e-01
4.025316455696202333e-01
4.015151515151514916e-01
4.005037783375314797e-01
3.994974874371859386e-01
3.984962406015037373e-01
3.975000000000000200e-01
3.965087281795511287e-01
3.955223880597014685e-01
3.945409429280397062e-01
3.935643564356435808e-01
3.950617283950617065e-01
3.965517241379310498e-01
3.955773955773955741e-01
3.970588235294117418e-01
3.960880195599021936e-01
3.951219512195122130e-01
3.965936739659367549e-01
3.980582524271844558e-01
3.995157384987893523e-01
3.985507246376811530e-01
4.000000000000000222e-01
4.014423076923077094e-01
4.028776978417266119e-01
4.043062200956937802e-01
4.033412887828162208e-01
4.023809523809523947e-01
4.014251781472684133e-01
4.028436018957345932e-01
4.042553191489361430e-01
4.033018867924528239e-01
4.023529411764705799e-01
4.037558685446009377e-01
4.028103044496487151e-01
4.042056074766355311e-01
4.055944055944055715e-01
4.046511627906976827e-01
4.037122969837587116e-01
4.027777777777777901e-01
4.018475750577367167e-01
4.009216589861751001e-01
4.000000000000000222e-01
4.013761467889908063e-01
4.004576659038901476e-01
4.018264840182648179e-01
4.009111617312072773e-01
4.000000000000000222e-01
4.013605442176870763e-01
4.004524886877828260e-01
3.995485327313769708e-01
3.986486486486486291e-01
3.977528089887640284e-01
3.968609865470851816e-01
3.959731543624160910e-01
3.950892857142856984e-01
3.942093541202672524e-01
3.955555555555555491e-01
3.968957871396895931e-01
3.960176991150442527e-01
3.951434878587196664e-01
3.964757709251101048e-01
3.956043956043955867e-01
3.969298245614035214e-01
3.960612691466083302e-01
3.951965065502183183e-01
3.965141612200435706e-01
3.956521739130434701e-01
3.947939262472884847e-01
3.939393939393939226e-01
3.930885529157667202e-01
3.922413793103448065e-01
3.913978494623656101e-01
3.927038626609442029e-01
3.918629550321199306e-01
3.910256410256410242e-01
3.923240938166311365e-01
3.914893617021276695e-01
3.906581740976645678e-01
3.898305084745762872e-01
3.890063424947146076e-01
3.881856540084387963e-01
3.873684210526315841e-01
3.865546218487395103e-01
3.857442348008385813e-01
3.849372384937238545e-01
3.841336116910229470e-01
3.854166666666666852e-01
3.846153846153846367e-01
3.838174273858921404e-01
3.850931677018633592e-01
3.863636363636363535e-01
3.855670103092783685e-01
3.847736625514403541e-01
3.839835728952771809e-01
3.852459016393442459e-01
3.865030674846625658e-01
3.857142857142857317e-01
3.869653767820773749e-01
3.882113821138211129e-01
3.874239350912778712e-01
3.886639676113360364e-01
3.898989898989899117e-01
3.891129032258064391e-01
3.883299798792756441e-01
3.875502008032128409e-01
3.867735470941883746e-01
3.860000000000000098e-01
3.852295409181636932e-01
3.844621513944223024e-01
3.836978131212723797e-01
3.829365079365079638e-01
3.821782178217821846e-01
3.814229249011857892e-01
3.826429980276134235e-01
3.838582677165354173e-01
3.831041257367386876e-01
3.823529411764705621e-01
3.816046966731898027e-01
3.808593750000000000e-01
3.801169590643274643e-01
3.793774319066147704e-01
3.805825242718446355e-01
3.798449612403100861e-01
3.810444874274661609e-01
3.803088803088803260e-01
3.795761078998073357e-01
3.807692307692307487e-01
3.800383877159309032e-01
3.793103448275861878e-01
3.804971319311663547e-01
3.797709923664122078e-01
3.809523809523809312e-01
3.802281368821292529e-01
3.795066413662239180e-01
3.787878787878787845e-01
3.780718336483931963e-01
3.773584905660377631e-01
3.785310734463276927e-01
3.796992481203007586e-01
3.789868667917448142e-01
3.782771535580524147e-01
3.775700934579439005e-01
3.768656716417910224e-01
3.761638733705772730e-01
3.754646840148698761e-01
3.747680890538033216e-01
3.740740740740740589e-01
3.733826247689464028e-01
3.726937269372693762e-01
3.720073664825045978e-01
3.713235294117647189e-01
3.706422018348624059e-01
3.699633699633699813e-01
3.711151736745886831e-01
3.722627737226277267e-01
3.715846994535519365e-01
3.727272727272727404e-01
3.738656987295825851e-01
3.731884057971014412e-01
3.725135623869801349e-01
3.718411552346570503e-01
3.711711711711711548e-01
3.705035971223021307e-01
3.698384201077199451e-01
3.691756272401433558e-01
3.685152057245080770e-01
3.678571428571428825e-01
3.672014260249554241e-01
3.665480427046263201e-01
3.658969804618117383e-01
3.652482269503546375e-01
3.646017699115044475e-01
3.657243816254416857e-01
3.650793650793650591e-01
3.644366197183098732e-01
3.637961335676625496e-01
3.649122807017544101e-01
3.660245183887915754e-01
3.653846153846153633e-01
3.664921465968586367e-01
3.658536585365853577e-01
3.669565217391304590e-01
3.680555555555555802e-01
3.674176776429809443e-01
3.667820069204152378e-01
3.661485319516407655e-01
3.655172413793103536e-01
3.648881239242685037e-01
3.659793814432989456e-01
3.653516295025728833e-01
3.647260273972602884e-01
3.641025641025640858e-01
3.634812286689420024e-01
3.645655877342419138e-01
3.639455782312925325e-01
3.650254668930390523e-01
3.644067796610169219e-01
3.654822335025380564e-01
3.648648648648648574e-01
3.659359190556492614e-01
3.670033670033669981e-01
3.680672268907563272e-01
3.674496644295301984e-01
3.668341708542713353e-01
3.662207357859531554e-01
3.656093489148580788e-01
3.649999999999999911e-01
3.643926788685524221e-01
3.637873754152823880e-01
3.631840796019900619e-01
3.642384105960264629e-01
3.652892561983471231e-01
3.663366336633663289e-01
3.657331136738056210e-01
3.651315789473684181e-01
3.645320197044334964e-01
3.639344262295082233e-01
3.649754500818330749e-01
3.643790849673202437e-01
3.654159869494290613e-01
3.664495114006514620e-01
3.658536585365853577e-01
3.652597402597402843e-01
3.646677471636953216e-01
3.640776699029126262e-01
3.634894991922455465e-01
3.629032258064516236e-01
3.623188405797101441e-01
3.617363344051446883e-01
3.611556982343498978e-01
3.605769230769230727e-01
3.599999999999999867e-01
3.594249201277955330e-01
3.604465709728867373e-01
3.598726114649681285e-01
3.593004769475357518e-01
3.587301587301587324e-01
3.581616481774960170e-01
3.575949367088607778e-01
3.570300157977883138e-01
3.580441640378548840e-01
3.574803149606299302e-01
3.569182389937106681e-01
3.563579277864992179e-01
3.557993730407523758e-01
3.552425665101721641e-01
3.546874999999999889e-01
3.541341653666146838e-01
3.535825545171339401e-01
3.530326594090202330e-01
3.524844720496894679e-01
3.519379844961240122e-01
3.513931888544891691e-01
3.508500772797527034e-01
3.503086419753086433e-01
3.513097072419106293e-01
3.523076923076923217e-01
3.517665130568356502e-01
3.512269938650307011e-01
3.506891271056661319e-01
3.501529051987767316e-01
3.496183206106870389e-01
3.490853658536585136e-01
3.485540334855403155e-01
3.495440729483282882e-01
3.505311077389984820e-01
3.499999999999999778e-01
3.494704992435703206e-01
3.489425981873111593e-01
3.484162895927601644e-01
3.478915662650602370e-01
3.473684210526316041e-01
3.468468468468468568e-01
3.463268365817091521e-01
3.458083832335329122e-01
3.467862481315396317e-01
3.462686567164179330e-01
3.457526080476900354e-01
3.452380952380952328e-01
3.447251114413075745e-01
3.442136498516320531e-01
3.437037037037036780e-01
3.431952662721893255e-01
3.426883308714918641e-01
3.421828908554572224e-01
3.416789396170839543e-01
3.411764705882353033e-01
3.421439060205579974e-01
3.416422287390029067e-01
3.426061493411420300e-01
3.421052631578947456e-01
3.416058394160583767e-01
3.411078717201166399e-01
3.406113537117904100e-01
3.401162790697674354e-01
3.396226415094339424e-01
3.391304347826086807e-01
3.386396526772793014e-01
3.395953757225433356e-01
3.391053391053391319e-01
3.386167146974063402e-01
3.381294964028777050e-01
3.376436781609195581e-01
3.371592539454806303e-01
3.366762177650429733e-01
3.361945636623748235e-01
