[0.4444444444444444, 0.0]
[0.4444444444444444, 0.33333333333333326]
[0.2222222222222222, 0.0]
[0.5555555555555556, 0.7777777777777779]
[0.33333333333333326, 0.0]
[0.7777777777777779, 1.0]
[0.0, 0.0]
[0.1111111111111111, 0.0]
[0.1111111111111111, 0.0]
[0.33333333333333326, 0.1111111111111111]
[0.0, 0.0]
[0.1111111111111111, 0.0]
[0.4444444444444444, 0.2222222222222222]
[0.0, 0.0]
[0.7777777777777779, 0.6666666666666665]
[0.6666666666666665, 0.33333333333333326]
[0.33333333333333326, 0.0]
[0.33333333333333326, 0.0]
[1.0, 0.6666666666666665]
[0.5555555555555556, 0.0]
[0.6666666666666665, 0.2222222222222222]
[1.0, 0.4444444444444444]
[0.2222222222222222, 0.0]
[0.7777777777777779, 0.33333333333333326]
[0.0, 0.0]
[0.4444444444444444, 0.1111111111111111]
[0.2222222222222222, 0.1111111111111111]
[0.4444444444444444, 0.0]
[0.1111111111111111, 0.0]
[0.0, 0.0]
[0.2222222222222222, 0.0]
[0.1111111111111111, 0.0]
[1.0, 0.6666666666666665]
[0.1111111111111111, 0.0]
[0.2222222222222222, 0.0]
[0.1111111111111111, 0.0]
[1.0, 1.0]
[0.5555555555555556, 0.1111111111111111]
[0.4444444444444444, 0.33333333333333326]
[0.1111111111111111, 0.4444444444444444]
[0.5555555555555556, 0.5555555555555556]
[1.0, 0.33333333333333326]
[0.5555555555555556, 1.0]
[0.4444444444444444, 0.5555555555555556]
[1.0, 1.0]
[0.0, 0.0]
[0.2222222222222222, 0.6666666666666665]
[0.0, 0.0]
[0.33333333333333326, 0.0]
[0.6666666666666665, 0.7777777777777779]
[0.8888888888888888, 0.4444444444444444]
[0.4444444444444444, 0.2222222222222222]
[1.0, 0.2222222222222222]
[0.4444444444444444, 0.4444444444444444]
[1.0, 0.4444444444444444]
[1.0, 0.5555555555555556]
[0.7777777777777779, 1.0]
[0.7777777777777779, 0.1111111111111111]
[0.4444444444444444, 0.1111111111111111]
[0.8888888888888888, 0.4444444444444444]
[0.4444444444444444, 0.2222222222222222]
[0.0, 0.0]
[0.8888888888888888, 1.0]
[0.5555555555555556, 0.2222222222222222]
[0.0, 0.0]
[1.0, 0.33333333333333326]
[0.33333333333333326, 0.0]
[0.4444444444444444, 0.2222222222222222]
[0.7777777777777779, 0.2222222222222222]
[0.0, 0.0]
[0.4444444444444444, 0.0]
[0.5555555555555556, 1.0]
[0.0, 0.2222222222222222]
[0.8888888888888888, 0.33333333333333326]
[1.0, 0.5555555555555556]
[0.0, 0.0]
[0.0, 0.0]
[0.4444444444444444, 0.2222222222222222]
[0.2222222222222222, 0.0]
[0.1111111111111111, 0.0]
[0.1111111111111111, 0.1111111111111111]
[0.33333333333333326, 0.0]
[0.4444444444444444, 0.1111111111111111]
[0.2222222222222222, 0.0]
[0.2222222222222222, 0.4444444444444444]
[0.4444444444444444, 1.0]
[0.2222222222222222, 0.2222222222222222]
[0.2222222222222222, 0.5555555555555556]
[0.33333333333333326, 0.0]
[0.1111111111111111, 0.0]
[0.0, 0.0]
[0.2222222222222222, 0.0]
[0.33333333333333326, 0.0]
[0.0, 0.0]
[0.1111111111111111, 0.0]
[0.0, 0.0]
[0.1111111111111111, 0.0]
[0.4444444444444444, 0.0]
[0.8888888888888888, 0.5555555555555556]
[0.6666666666666665, 0.4444444444444444]
[1.0, 0.2222222222222222]
[0.1111111111111111, 0.2222222222222222]
[0.33333333333333326, 0.0]
[0.7777777777777779, 0.1111111111111111]
[1.0, 1.0]
[0.6666666666666665, 0.2222222222222222]
[1.0, 1.0]
[0.0, 0.5555555555555556]
[0.0, 0.0]
[0.5555555555555556, 0.4444444444444444]
[0.0, 0.2222222222222222]
[0.7777777777777779, 0.5555555555555556]
[1.0, 0.2222222222222222]
[1.0, 1.0]
[0.2222222222222222, 0.2222222222222222]
[0.0, 0.0]
[0.7777777777777779, 0.2222222222222222]
[0.33333333333333326, 0.4444444444444444]
[0.0, 0.0]
[0.2222222222222222, 0.1111111111111111]
[0.0, 0.0]
[0.33333333333333326, 0.1111111111111111]
[1.0, 1.0]
[0.4444444444444444, 0.2222222222222222]
[0.4444444444444444, 0.33333333333333326]
[0.0, 0.0]
[0.6666666666666665, 0.4444444444444444]
[0.2222222222222222, 0.0]
[0.7777777777777779, 0.2222222222222222]
[0.0, 0.0]
[0.4444444444444444, 0.0]
[0.1111111111111111, 0.0]
[0.4444444444444444, 1.0]
[0.2222222222222222, 0.0]
[0.2222222222222222, 0.0]
[0.4444444444444444, 0.0]
[0.33333333333333326, 0.0]
[0.2222222222222222, 0.0]
[0.33333333333333326, 0.0]
[0.0, 0.0]
[0.2222222222222222, 0.0, 0.0, 0.0]
[0.1111111111111111, 0.0, 0.0, 0.0]
[0.8888888888888888, 0.4444444444444444, 0.4444444444444444, 0.0]
[0.0, 0.0, 0.0, 0.0]
[0.1111111111111111, 0.0, 0.0, 0.0]
[0.0, 0.0, 0.2222222222222222, 0.0]
[0.2222222222222222, 0.33333333333333326, 0.4444444444444444, 0.0]
[0.0, 0.0, 0.0, 0.0]
[0.2222222222222222, 0.0, 0.0, 0.0]
[0.7777777777777779, 0.7777777777777779, 0.6666666666666665, 0.0]
[0.0, 0.0, 0.0, 0.0]
[0.6666666666666665, 0.1111111111111111, 0.33333333333333326, 0.0]
[1.0, 1.0, 0.7777777777777779, 1.0]
[0.33333333333333326, 0.0, 0.0, 0.0]
[0.0, 0.0, 0.0, 0.0]
[0.4444444444444444, 0.4444444444444444, 0.4444444444444444, 1.0]
[0.0, 0.1111111111111111, 0.1111111111111111, 0.0]
[0.1111111111111111, 0.0, 0.0, 0.0]
[0.0, 0.0, 0.1111111111111111, 0.0]
[0.8888888888888888, 0.8888888888888888, 1.0, 0.0]
[1.0, 0.6666666666666665, 0.6666666666666665, 0.0]
[0.33333333333333326, 0.0, 0.0, 0.0]
[0.2222222222222222, 0.0, 0.0, 0.0]
[0.0, 0.0, 0.0, 0.0]
[0.4444444444444444, 0.0, 0.0, 0.0]
[0.33333333333333326, 0.0, 0.0, 0.0]
[0.4444444444444444, 0.5555555555555556, 0.6666666666666665, 1.0]
[1.0, 0.7777777777777779, 1.0, 1.0]
[0.2222222222222222, 0.0, 0.0, 0.0]
[0.0, 0.0, 0.0, 0.0]
[0.2222222222222222, 0.0, 0.0, 0.0]
[0.0, 0.0, 0.0, 0.0]
[0.0, 0.0, 0.0, 0.0]
[0.5555555555555556, 1.0, 1.0, 1.0]
[0.7777777777777779, 0.5555555555555556, 0.4444444444444444, 0.0]
[0.4444444444444444, 0.7777777777777779, 0.6666666666666665, 1.0]
[0.1111111111111111, 0.0, 0.0, 0.0]
[0.4444444444444444, 1.0, 1.0, 0.0]
[0.33333333333333326, 0.0, 0.0, 0.0]
[0.4444444444444444, 0.2222222222222222, 0.2222222222222222, 0.0]
[0.0, 0.0, 0.0, 0.0]
[0.0, 0.0, 0.0, 0.0]
[0.5555555555555556, 0.0, 0.0, 0.0]
[0.4444444444444444, 0.7777777777777779, 0.7777777777777779, 1.0]
[0.7777777777777779, 0.6666666666666665, 0.5555555555555556, 0.0]
[0.1111111111111111, 0.0, 0.0, 0.0]
[0.0, 0.4444444444444444, 0.7777777777777779, 1.0]
[1.0, 0.4444444444444444, 0.5555555555555556, 1.0]
[0.4444444444444444, 0.7777777777777779, 0.33333333333333326, 1.0]
[0.0, 0.1111111111111111, 0.2222222222222222, 0.0]
[1.0, 1.0, 1.0, 1.0]
[0.6666666666666665, 0.4444444444444444, 1.0, 1.0]
[0.4444444444444444, 0.0, 0.0, 0.0]
[0.0, 0.0, 0.0, 0.0]
[0.2222222222222222, 0.0, 0.0, 0.0]
[0.33333333333333326, 0.0, 0.0, 0.0]
[0.7777777777777779, 0.33333333333333326, 0.33333333333333326, 0.0]
[0.4444444444444444, 0.0, 0.0, 0.0]
[0.0, 0.0, 0.0, 0.0]
[0.2222222222222222, 0.0, 0.0, 0.0]
[0.8888888888888888, 0.6666666666666665, 0.6666666666666665, 0.0]
[1.0, 0.7777777777777779, 0.7777777777777779, 0.0]
[0.0, 0.0, 0.0, 0.0]
[0.4444444444444444, 0.0, 0.0, 0.0]
[0.0, 0.0, 0.0, 0.0]
[0.4444444444444444, 1.0, 1.0, 1.0]
[1.0, 1.0, 0.8888888888888888, 0.0]
[0.0, 0.0, 0.0, 0.0]
[0.0, 0.0, 0.0, 0.0]
[0.4444444444444444, 0.0, 0.0, 0.0]
[0.7777777777777779, 1.0, 1.0, 1.0]
[0.7777777777777779, 1.0, 0.7777777777777779, 1.0]
[0.0, 0.0, 0.0, 0.0]
[1.0, 1.0, 1.0, 1.0]
[1.0, 1.0, 1.0, 1.0]
[0.7777777777777779, 0.6666666666666665, 0.7777777777777779, 1.0]
[0.0, 0.0, 0.0, 0.0]
[0.0, 0.0, 0.0, 0.0]
[0.5555555555555556, 1.0, 0.6666666666666665, 1.0]
[0.5555555555555556, 0.0, 0.2222222222222222, 0.0]
[0.0, 0.0, 0.0, 0.0]
[1.0, 0.5555555555555556, 0.33333333333333326, 0.0]
[0.33333333333333326, 0.0, 0.0, 0.0]
[0.6666666666666665, 0.4444444444444444, 0.5555555555555556, 0.0]
[1.0, 0.4444444444444444, 0.4444444444444444, 1.0]
[0.0, 0.0, 0.0, 0.0]
[1.0, 0.4444444444444444, 0.6666666666666665, 0.0]
[0.7777777777777779, 0.8888888888888888, 0.8888888888888888, 0.0]
[0.0, 0.0, 0.0, 0.0]
[1.0, 1.0, 1.0, 0.0]
[0.6666666666666665, 0.33333333333333326, 0.6666666666666665, 0.0]
[0.5555555555555556, 0.7777777777777779, 0.6666666666666665, 0.0]
[0.7777777777777779, 0.33333333333333326, 0.5555555555555556, 0.0]
[1.0, 0.33333333333333326, 0.4444444444444444, 0.0]
[0.2222222222222222, 0.2222222222222222, 0.1111111111111111, 0.0]
[0.2222222222222222, 0.0, 0.33333333333333326, 0.0]
[1.0, 0.7777777777777779, 0.7777777777777779, 0.0]
[0.8888888888888888, 0.7777777777777779, 0.7777777777777779, 0.0]
[0.7777777777777779, 1.0, 1.0, 1.0]
[1.0, 0.33333333333333326, 0.2222222222222222, 0.0]
[0.4444444444444444, 0.0, 0.2222222222222222, 0.0]
[0.2222222222222222, 0.0, 0.0, 0.0]
[0.1111111111111111, 0.0, 0.0, 0.0]
[0.0, 0.0, 0.0, 0.0]
[0.0, 0.0, 0.0, 0.0]
[0.4444444444444444, 0.0, 0.0, 0.0]
[0.7777777777777779, 1.0, 1.0, 1.0]
[0.7777777777777779, 0.33333333333333326, 0.33333333333333326, 0.0]
[0.33333333333333326, 0.0, 0.0, 0.0]
[0.2222222222222222, 0.0, 0.0, 0.0]
[0.0, 0.1111111111111111, 0.1111111111111111, 0.0]
[1.0, 0.33333333333333326, 0.33333333333333326, 1.0]
[0.5555555555555556, 0.2222222222222222, 0.2222222222222222, 0.0]
[0.5555555555555556, 1.0, 1.0, 0.0]
[0.8888888888888888, 1.0, 1.0, 0.0]
[0.4444444444444444, 0.5555555555555556, 0.5555555555555556, 0.0]
[0.2222222222222222, 0.0, 0.0, 0.0]
[0.2222222222222222, 0.0, 0.0, 0.0]
[0.2222222222222222, 0.0, 0.0, 0.0]
[0.4444444444444444, 0.6666666666666665, 0.6666666666666665, 0.0]
[1.0, 0.4444444444444444, 0.7777777777777779, 1.0]
[0.4444444444444444, 1.0, 1.0, 1.0]
[0.7777777777777779, 0.7777777777777779, 0.8888888888888888, 0.0]
[1.0, 0.33333333333333326, 0.33333333333333326, 1.0]
[0.6666666666666665, 0.8888888888888888, 0.33333333333333326, 1.0]
[0.4444444444444444, 0.0, 0.33333333333333326, 0.0]
[1.0, 1.0, 0.5555555555555556, 0.0]
[0.2222222222222222, 0.2222222222222222, 0.4444444444444444, 0.0]
[1.0, 0.7777777777777779, 0.7777777777777779, 0.0]
[0.0, 0.0, 0.0, 0.0]
[0.7777777777777779, 0.33333333333333326, 0.6666666666666665, 0.0]
[0.4444444444444444, 0.0, 0.0, 0.0]
[0.2222222222222222, 0.2222222222222222, 0.4444444444444444, 0.0]
[0.6666666666666665, 0.1111111111111111, 0.33333333333333326, 0.0]
[0.2222222222222222, 0.0, 0.0, 0.0]
[0.2222222222222222, 0.0, 0.2222222222222222, 0.0]
[0.2222222222222222, 0.0, 0.0, 0.0]
[0.0, 0.0, 0.0, 0.0]
[0.0, 0.0, 0.0, 0.0]
[1.0, 0.4444444444444444, 0.6666666666666665, 0.0]
[0.2222222222222222, 0.0, 0.0, 0.0, 0.0, 0.0]
[0.1111111111111111, 0.0, 0.0, 0.0, 0.0, 0.0]
[0.0, 0.33333333333333326, 0.2222222222222222, 1.0, 0.0, 0.0]
[1.0, 0.33333333333333326, 0.5555555555555556, 0.0, 0.0, 0.0]
[0.6666666666666665, 0.33333333333333326, 0.4444444444444444, 1.0, 0.0, 0.0]
[0.7777777777777779, 1.0, 1.0, 1.0, 1.0, 0.0]
[1.0, 1.0, 1.0, 1.0, 1.0, 0.0]
[0.2222222222222222, 0.0, 0.0, 0.0, 0.0, 0.0]
[0.5555555555555556, 0.0, 0.2222222222222222, 0.0, 0.0, 0.0]
[0.4444444444444444, 0.5555555555555556, 0.5555555555555556, 1.0, 1.0, 0.0]
[0.0, 0.0, 0.0, 0.0, 0.0, 0.0]
[0.0, 0.0, 0.0, 0.0, 0.0, 0.0]
[0.7777777777777779, 0.7777777777777779, 0.7777777777777779, 0.0, 0.0, 0.0]
[1.0, 0.33333333333333326, 0.33333333333333326, 1.0, 0.0, 0.0]
[0.0, 0.0, 0.0, 0.0, 0.0, 0.0]
[0.4444444444444444, 0.4444444444444444, 0.6666666666666665, 1.0, 1.0, 0.0]
[0.4444444444444444, 0.2222222222222222, 0.33333333333333326, 0.0, 0.0, 0.0]
[0.4444444444444444, 0.33333333333333326, 0.2222222222222222, 0.0, 0.0, 0.0]
[0.7777777777777779, 0.1111111111111111, 0.0, 0.0, 0.0, 0.0]
[0.8888888888888888, 0.0, 0.1111111111111111, 1.0, 0.0, 0.0]
[0.7777777777777779, 0.33333333333333326, 1.0, 0.0, 0.0, 0.0]
[0.0, 0.0, 0.0, 0.0, 0.0, 0.0]
[1.0, 1.0, 1.0, 1.0, 1.0, 0.0]
[0.0, 0.0, 0.0, 0.0, 0.0, 0.0]
[0.7777777777777779, 0.2222222222222222, 0.33333333333333326, 1.0, 0.0, 0.0]
[1.0, 0.7777777777777779, 0.33333333333333326, 0.0, 0.0, 0.0]
[0.0, 0.0, 0.0, 0.0, 0.0, 0.0]
[0.0, 0.0, 0.0, 0.0, 0.0, 0.0]
[0.6666666666666665, 0.7777777777777779, 0.6666666666666665, 1.0, 0.0, 0.0]
[0.2222222222222222, 0.0, 0.0, 0.0, 0.0, 0.0]
[0.1111111111111111, 0.0, 0.0, 0.0, 0.0, 0.0]
[0.0, 0.0, 0.0, 0.0, 0.0, 0.0]
[0.7777777777777779, 0.5555555555555556, 0.33333333333333326, 1.0, 1.0, 0.0]
[0.0, 0.0, 0.0, 0.0, 0.0, 0.0]
[0.0, 0.0, 0.0, 0.0, 0.0, 0.0]
[0.33333333333333326, 0.5555555555555556, 0.4444444444444444, 1.0, 1.0, 0.0]
[0.4444444444444444, 0.4444444444444444, 0.4444444444444444, 0.0, 0.0, 0.0]
[0.5555555555555556, 0.7777777777777779, 0.6666666666666665, 1.0, 1.0, 0.0]
[0.0, 0.0, 0.0, 0.0, 0.0, 0.0]
[0.33333333333333326, 0.33333333333333326, 0.33333333333333326, 0.0, 1.0, 0.0]
[0.6666666666666665, 0.5555555555555556, 0.2222222222222222, 0.0, 0.0, 0.0]
[0.2222222222222222, 0.0, 0.0, 0.0, 0.0, 0.0]
[0.2222222222222222, 0.0, 0.0, 0.0, 0.0, 0.0]
[0.4444444444444444, 0.33333333333333326, 0.5555555555555556, 1.0, 0.0, 0.0]
[0.0, 0.0, 0.0, 0.0, 0.0, 0.0]
[0.2222222222222222, 0.1111111111111111, 0.1111111111111111, 0.0, 0.0, 0.0]
[1.0, 0.0, 0.0, 0.0, 0.0, 0.0]
[0.0, 0.0, 0.0, 0.0, 0.0, 0.0]
[0.7777777777777779, 1.0, 0.2222222222222222, 0.0, 1.0, 0.0]
[1.0, 0.33333333333333326, 0.5555555555555556, 0.0, 0.0, 0.0]
[1.0, 0.33333333333333326, 0.6666666666666665, 0.0, 0.0, 0.0]
[0.4444444444444444, 0.0, 0.0, 0.0, 0.0, 0.0]
[0.4444444444444444, 0.1111111111111111, 0.1111111111111111, 0.0, 0.0, 0.0]
[0.4444444444444444, 0.33333333333333326, 0.5555555555555556, 1.0, 0.0, 0.0]
[0.7777777777777779, 0.5555555555555556, 0.6666666666666665, 0.0, 0.0, 0.0]
[0.0, 0.0, 0.0, 0.0, 0.0, 0.0]
[0.5555555555555556, 0.4444444444444444, 0.4444444444444444, 1.0, 0.0, 0.0]
[0.0, 0.0, 0.0, 0.0, 0.0, 0.0]
[0.0, 0.0, 0.0, 0.0, 0.0, 0.0]
[0.7777777777777779, 0.4444444444444444, 0.4444444444444444, 0.0, 0.0, 0.0]
[1.0, 0.2222222222222222, 0.2222222222222222, 0.0, 0.0, 0.0]
[0.0, 0.0, 0.0, 0.0, 0.0, 0.0]
[0.1111111111111111, 0.0, 0.0, 0.0, 0.0, 0.0]
[0.0, 0.0, 0.0, 0.0, 0.0, 0.0]
[0.6666666666666665, 0.5555555555555556, 0.33333333333333326, 1.0, 1.0, 0.0]
[0.0, 0.0, 0.0, 0.0, 0.0, 0.0]
[0.4444444444444444, 0.1111111111111111, 0.1111111111111111, 0.0, 0.0, 0.0]
[0.0, 0.0, 0.0, 0.0, 0.0, 0.0]
[0.2222222222222222, 0.33333333333333326, 0.33333333333333326, 1.0, 0.0, 0.0]
[0.33333333333333326, 0.1111111111111111, 0.2222222222222222, 0.0, 0.0, 0.0]
[0.4444444444444444, 0.0, 0.0, 0.0, 0.0, 0.0]
[0.1111111111111111, 0.0, 0.0, 0.0, 0.0, 0.0]
[0.2222222222222222, 0.33333333333333326, 0.4444444444444444, 0.0, 1.0, 0.0]
[0.1111111111111111, 0.6666666666666665, 1.0, 1.0, 1.0, 0.0]
[0.0, 0.0, 0.0, 0.0, 0.0, 0.0]
[0.33333333333333326, 0.0, 0.0, 0.0, 0.0, 0.0]
[0.4444444444444444, 0.2222222222222222, 0.2222222222222222, 0.0, 0.0, 0.0]
[0.7777777777777779, 1.0, 1.0, 1.0, 1.0, 0.0]
[0.7777777777777779, 1.0, 0.4444444444444444, 0.0, 1.0, 0.0]
[1.0, 0.2222222222222222, 0.4444444444444444, 0.0, 0.0, 0.0]
[0.5555555555555556, 1.0, 1.0, 1.0, 1.0, 0.0]
[0.2222222222222222, 1.0, 0.2222222222222222, 1.0, 1.0, 0.0]
[0.2222222222222222, 0.1111111111111111, 0.1111111111111111, 0.0, 0.0, 0.0]
[0.33333333333333326, 0.33333333333333326, 0.33333333333333326, 0.0, 0.0, 0.0]
[0.1111111111111111, 0.0, 0.0, 0.0, 0.0, 0.0]
[0.1111111111111111, 0.0, 0.0, 0.0, 0.0, 0.0]
[0.5555555555555556, 1.0, 1.0, 1.0, 1.0, 0.0]
[0.4444444444444444, 0.7777777777777779, 0.7777777777777779, 1.0, 0.0, 0.0]
[0.0, 0.0, 0.2222222222222222, 0.0, 0.0, 0.0]
[0.0, 0.0, 0.2222222222222222, 0.0, 0.0, 0.0]
[0.33333333333333326, 0.2222222222222222, 0.1111111111111111, 0.0, 0.0, 0.0]
[0.0, 0.0, 0.2222222222222222, 0.0, 0.0, 0.0]
[0.33333333333333326, 0.0, 0.1111111111111111, 0.0, 0.0, 0.0]
[0.4444444444444444, 0.0, 0.0, 0.0, 0.0, 0.0]
[0.2222222222222222, 0.0, 0.1111111111111111, 0.0, 0.0, 0.0]
[0.0, 0.0, 0.0, 0.0, 0.0, 0.0]
[0.0, 0.0, 0.0, 0.0, 0.0, 0.0]
[0.0, 0.0, 0.0, 0.0, 0.0, 0.0]
[0.2222222222222222, 0.0, 0.0, 0.0, 0.0, 0.0]
[0.4444444444444444, 0.2222222222222222, 0.33333333333333326, 0.0, 0.0, 0.0]
[0.0, 0.0, 0.0, 0.0, 0.0, 0.0]
[1.0, 0.5555555555555556, 0.2222222222222222, 1.0, 0.0, 0.0]
[0.2222222222222222, 0.1111111111111111, 0.1111111111111111, 0.0, 0.0, 0.0]
[0.1111111111111111, 0.0, 0.0, 0.0, 0.0, 0.0]
[0.1111111111111111, 0.0, 0.0, 0.0, 0.0, 0.0]
[0.2222222222222222, 0.2222222222222222, 0.1111111111111111, 0.0, 0.0, 0.0]
[0.6666666666666665, 0.5555555555555556, 0.5555555555555556, 0.0, 0.0, 0.0]
[0.4444444444444444, 0.2222222222222222, 0.2222222222222222, 0.0, 0.0, 0.0]
[0.1111111111111111, 0.0, 0.0, 0.0, 0.0, 0.0]
[0.4444444444444444, 0.0, 0.0, 0.0, 0.0, 0.0]
[0.0, 0.0, 0.0, 0.0, 0.0, 0.0]
[1.0, 0.7777777777777779, 0.6666666666666665, 0.0, 0.0, 0.0]
[0.2222222222222222, 0.0, 0.0, 0.0, 0.0, 0.0]
[0.0, 0.0, 0.0, 0.0, 0.0, 0.0]
[0.0, 0.1111111111111111, 0.2222222222222222, 0.0, 0.0, 0.0]
[0.2222222222222222, 0.0, 0.0, 0.0, 0.0, 0.0]
[0.2222222222222222, 0.0, 0.0, 0.0, 0.0, 0.0]
[0.33333333333333326, 0.0, 0.0, 0.0, 0.0, 0.0]
[0.2222222222222222, 0.1111111111111111, 0.0, 0.0, 0.0, 0.0]
[0.0, 0.1111111111111111, 0.2222222222222222, 0.0, 0.0, 0.0]
[0.2222222222222222, 1.0, 0.7777777777777779, 1.0, 1.0, 0.0]
[0.2222222222222222, 0.0, 0.0, 0.0, 0.0, 0.0]
[0.4444444444444444, 0.2222222222222222, 0.2222222222222222, 0.0, 0.0, 0.0]
[0.2222222222222222, 0.0, 0.0, 0.0, 0.0, 0.0]
[0.0, 0.1111111111111111, 0.0, 0.0, 0.0, 0.0]
[0.0, 0.0, 0.0, 0.0, 0.0, 0.0]
[0.33333333333333326, 0.1111111111111111, 0.1111111111111111, 0.0, 0.0, 0.0]
[0.0, 0.0, 0.0, 0.0, 0.0, 0.0]
[0.1111111111111111, 0.2222222222222222, 0.1111111111111111, 0.0, 0.0, 0.0]
[0.2222222222222222, 0.0, 0.1111111111111111, 0.0, 0.0, 0.0]
[0.0, 0.0, 0.0, 0.0, 0.0, 0.0]
[0.0, 0.0, 0.0, 0.0, 0.0, 0.0]
[1.0, 1.0, 1.0, 1.0, 1.0, 0.0]
[0.4444444444444444, 0.0, 0.1111111111111111, 0.0, 0.0, 0.0]
[0.7777777777777779, 0.4444444444444444, 0.5555555555555556, 0.0, 0.0, 0.0]
[0.2222222222222222, 0.2222222222222222, 0.1111111111111111, 1.0, 0.0, 0.0]
[0.7777777777777779, 0.6666666666666665, 0.7777777777777779, 0.0, 1.0, 0.0]
[0.0, 0.0, 0.0, 0.0, 0.0, 0.0]
[0.4444444444444444, 0.1111111111111111, 0.1111111111111111, 0.0, 0.0, 0.0]
[0.1111111111111111, 0.2222222222222222, 0.0, 0.0, 0.0, 0.0]
[0.2222222222222222, 0.1111111111111111, 0.1111111111111111, 0.0, 0.0, 0.0, 3.0, 1.0]
[1.0, 1.0, 1.0, 1.0, 1.0, 0.0, 8.0, 2.0]
[0.33333333333333326, 0.2222222222222222, 0.2222222222222222, 0.0, 0.0, 0.0, 3.0, 3.0]
[0.4444444444444444, 0.0, 0.2222222222222222, 0.0, 0.0, 0.0, 2.0, 1.0]
[0.2222222222222222, 0.0, 0.0, 0.0, 0.0, 0.0, 1.0, 1.0]
[0.8888888888888888, 1.0, 1.0, 1.0, 1.0, 0.0, 10.0, 10.0]
[0.4444444444444444, 0.2222222222222222, 0.5555555555555556, 0.0, 0.0, 0.0, 1.0, 1.0]
[0.7777777777777779, 0.6666666666666665, 0.7777777777777779, 0.0, 0.0, 0.0, 5.0, 10.0]
[0.0, 0.0, 0.0, 0.0, 0.0, 0.0, 2.0, 1.0]
[0.1111111111111111, 0.0, 0.0, 0.0, 0.0, 0.0, 2.0, 1.0]
[0.0, 0.2222222222222222, 0.0, 0.0, 0.0, 0.0, 2.0, 2.0]
[0.4444444444444444, 0.0, 0.0, 0.0, 0.0, 0.0, 3.0, 2.0]
[0.4444444444444444, 0.0, 0.0, 0.0, 0.0, 0.0, 2.0, 2.0]
[0.2222222222222222, 0.1111111111111111, 0.1111111111111111, 0.0, 0.0, 0.0, 1.0, 1.0]
[0.5555555555555556, 0.8888888888888888, 0.6666666666666665, 0.0, 0.0, 0.0, 4.0, 2.0]
[1.0, 0.7777777777777779, 1.0, 0.0, 0.0, 0.0, 5.0, 1.0]
[1.0, 1.0, 1.0, 0.0, 1.0, 0.0, 2.0, 8.0]
[0.33333333333333326, 0.0, 0.0, 0.0, 0.0, 0.0, 1.0, 1.0]
[0.33333333333333326, 0.0, 0.2222222222222222, 0.0, 0.0, 0.0, 1.0, 1.0]
[0.4444444444444444, 0.0, 0.0, 0.0, 0.0, 0.0, 1.0, 1.0]
[1.0, 0.33333333333333326, 0.2222222222222222, 1.0, 0.0, 0.0, 10.0, 1.0]
[0.4444444444444444, 0.1111111111111111, 0.1111111111111111, 0.0, 0.0, 0.0, 1.0, 1.0]
[0.0, 0.0, 0.0, 0.0, 0.0, 0.0, 1.0, 1.0]
[0.0, 0.0, 0.0, 0.0, 0.0, 0.0, 1.0, 1.0]
[0.4444444444444444, 0.0, 0.0, 1.0, 0.0, 0.0, 2.0, 1.0]
[0.1111111111111111, 0.0, 0.0, 0.0, 0.0, 0.0, 1.0, 1.0]
[0.0, 0.0, 0.0, 0.0, 0.0, 0.0, 1.0, 1.0]
[0.4444444444444444, 0.0, 0.0, 0.0, 0.0, 0.0, 1.0, 1.0]
[0.0, 0.0, 0.0, 0.0, 0.0, 0.0, 1.0, 1.0]
[0.4444444444444444, 0.6666666666666665, 0.8888888888888888, 1.0, 1.0, 0.0, 8.0, 10.0]
[0.33333333333333326, 0.0, 0.0, 0.0, 0.0, 0.0, 2.0, 1.0]
[0.4444444444444444, 0.0, 0.0, 0.0, 0.0, 0.0, 1.0, 1.0]
[0.2222222222222222, 0.0, 0.0, 0.0, 0.0, 0.0, 1.0, 1.0]
[0.33333333333333326, 0.4444444444444444, 0.4444444444444444, 1.0, 1.0, 0.0, 10.0, 7.0]
[0.1111111111111111, 0.2222222222222222, 0.0, 0.0, 0.0, 0.0, 1.0, 1.0]
[1.0, 0.1111111111111111, 0.1111111111111111, 0.0, 0.0, 0.0, 1.0, 1.0]
[1.0, 0.5555555555555556, 0.4444444444444444, 1.0, 0.0, 0.0, 8.0, 6.0]
[0.7777777777777779, 0.7777777777777779, 0.8888888888888888, 1.0, 1.0, 0.0, 10.0, 10.0]
[0.4444444444444444, 0.0, 0.1111111111111111, 0.0, 0.0, 0.0, 1.0, 1.0]
[0.4444444444444444, 0.0, 0.2222222222222222, 0.0, 0.0, 0.0, 1.0, 1.0]
[0.4444444444444444, 0.0, 0.0, 0.0, 0.0, 0.0, 1.0, 1.0]
[0.2222222222222222, 0.0, 0.0, 0.0, 0.0, 0.0, 1.0, 1.0]
[0.5555555555555556, 0.0, 0.0, 0.0, 0.0, 0.0, 1.0, 1.0]
[0.33333333333333326, 0.0, 0.0, 0.0, 0.0, 0.0, 1.0, 2.0]
[0.33333333333333326, 0.0, 0.0, 0.0, 0.0, 0.0, 1.0, 1.0]
[1.0, 0.8888888888888888, 0.7777777777777779, 1.0, 1.0, 0.0, 7.0, 10.0]
[1.0, 0.5555555555555556, 0.5555555555555556, 0.0, 0.0, 0.0, 9.0, 7.0]
[0.5555555555555556, 0.5555555555555556, 0.5555555555555556, 0.0, 0.0, 0.0, 7.0, 6.0]
[0.33333333333333326, 0.0, 0.0, 0.0, 0.0, 0.0, 1.0, 1.0]
[0.0, 0.0, 0.1111111111111111, 0.0, 0.0, 0.0, 2.0, 1.0]
[0.2222222222222222, 0.0, 0.0, 0.0, 0.0, 0.0, 2.0, 1.0]
[0.5555555555555556, 0.0, 0.0, 0.0, 0.0, 0.0, 1.0, 1.0]
[0.5555555555555556, 0.0, 0.0, 0.0, 0.0, 0.0, 1.0, 1.0]
[0.33333333333333326, 0.0, 0.0, 0.0, 0.0, 0.0, 1.0, 1.0]
[0.4444444444444444, 0.0, 0.0, 0.0, 0.0, 0.0, 1.0, 1.0]
[0.2222222222222222, 0.0, 0.0, 0.0, 0.0, 0.0, 1.0, 1.0]
[0.33333333333333326, 0.0, 0.1111111111111111, 0.0, 0.0, 0.0, 1.0, 1.0]
[0.33333333333333326, 0.0, 0.0, 0.0, 0.0, 0.0, 1.0, 1.0]
[0.4444444444444444, 0.1111111111111111, 0.0, 0.0, 0.0, 0.0, 1.0, 1.0]
[0.33333333333333326, 0.7777777777777779, 0.6666666666666665, 1.0, 0.0, 0.0, 7.0, 5.0]
[0.4444444444444444, 0.0, 0.0, 0.0, 0.0, 0.0, 1.0, 1.0]
[0.4444444444444444, 0.2222222222222222, 0.1111111111111111, 0.0, 0.0, 0.0, 1.0, 1.0]
[0.8888888888888888, 1.0, 1.0, 1.0, 1.0, 0.0, 10.0, 10.0]
[0.7777777777777779, 0.6666666666666665, 0.7777777777777779, 0.0, 0.0, 0.0, 9.0, 10.0]
[0.4444444444444444, 0.0, 0.1111111111111111, 0.0, 0.0, 0.0, 1.0, 1.0]
[0.0, 0.0, 0.0, 0.0, 0.0, 0.0, 1.0, 1.0]
[0.2222222222222222, 0.0, 0.0, 0.0, 0.0, 0.0, 2.0, 1.0]
[1.0, 1.0, 1.0, 1.0, 1.0, 0.0, 8.0, 1.0]
[0.2222222222222222, 0.5555555555555556, 0.33333333333333326, 1.0, 0.0, 0.0, 3.0, 4.0]
[0.5555555555555556, 0.2222222222222222, 0.1111111111111111, 0.0, 0.0, 0.0, 4.0, 1.0]
[0.0, 0.0, 0.0, 0.0, 0.0, 0.0, 1.0, 1.0]
[0.4444444444444444, 0.7777777777777779, 0.8888888888888888, 0.0, 0.0, 0.0, 7.0, 1.0]
[0.33333333333333326, 0.0, 0.0, 0.0, 0.0, 0.0, 2.0, 1.0]
[0.4444444444444444, 1.0, 1.0, 1.0, 1.0, 0.0, 6.0, 5.0]
[0.4444444444444444, 0.0, 0.1111111111111111, 1.0, 0.0, 0.0, 2.0, 1.0]
[0.2222222222222222, 0.0, 0.0, 0.0, 0.0, 0.0, 2.0, 1.0]
[0.0, 0.0, 0.0, 0.0, 0.0, 0.0, 1.0, 1.0]
[0.33333333333333326, 0.1111111111111111, 0.0, 0.0, 0.0, 0.0, 1.0, 1.0]
[0.33333333333333326, 0.0, 0.0, 0.0, 0.0, 0.0, 2.0, 1.0]
[0.33333333333333326, 0.0, 0.0, 0.0, 0.0, 0.0, 2.0, 1.0]
[0.5555555555555556, 0.0, 0.0, 0.0, 0.0, 0.0, 3.0, 1.0]
[0.33333333333333326, 0.0, 0.0, 0.0, 0.0, 0.0, 2.0, 1.0]
[0.33333333333333326, 0.0, 0.0, 0.0, 0.0, 0.0, 2.0, 1.0]
[0.33333333333333326, 0.0, 0.0, 0.0, 0.0, 0.0, 3.0, 1.0]
[0.0, 0.0, 0.0, 0.0, 0.0, 0.0, 1.0, 1.0]
[0.2222222222222222, 0.2222222222222222, 0.0, 0.0, 0.0, 0.0, 1.0, 1.0]
[0.7777777777777779, 1.0, 1.0, 1.0, 1.0, 0.0, 4.0, 8.0]
[0.0, 0.0, 0.0, 0.0, 0.0, 0.0, 1.0, 1.0]
[0.4444444444444444, 0.0, 0.0, 0.0, 0.0, 0.0, 1.0, 1.0]
[0.1111111111111111, 0.0, 0.0, 0.0, 0.0, 0.0, 1.0, 1.0]
[0.0, 0.0, 0.0, 0.0, 0.0, 0.0, 1.0, 1.0]
[0.4444444444444444, 0.0, 0.0, 0.0, 0.0, 0.0, 2.0, 1.0]
[0.4444444444444444, 0.0, 0.0, 0.0, 0.0, 0.0, 1.0, 1.0]
[0.2222222222222222, 0.0, 0.0, 0.0, 0.0, 0.0, 2.0, 1.0]
[0.5555555555555556, 0.5555555555555556, 0.6666666666666665, 1.0, 0.0, 0.0, 8.0, 10.0]
[0.33333333333333326, 1.0, 0.33333333333333326, 1.0, 0.0, 0.0, 9.0, 10.0]
[0.0, 0.0, 0.0, 0.0, 0.0, 0.0, 1.0, 1.0]
[0.0, 0.0, 0.0, 0.0, 0.0, 0.0, 2.0, 1.0]
[0.2222222222222222, 0.0, 0.1111111111111111, 0.0, 0.0, 0.0, 1.0, 1.0]
[0.33333333333333326, 0.6666666666666665, 0.7777777777777779, 0.0, 0.0, 0.0, 9.0, 1.0]
[0.0, 0.0, 0.0, 0.0, 0.0, 0.0, 1.0, 1.0]
[0.33333333333333326, 0.0, 0.0, 0.0, 0.0, 0.0, 1.0, 1.0]
[1.0, 0.33333333333333326, 0.4444444444444444, 0.0, 0.0, 0.0, 7.0, 3.0]
[0.6666666666666665, 0.4444444444444444, 0.5555555555555556, 1.0, 0.0, 0.0, 5.0, 3.0]
[0.2222222222222222, 0.0, 0.0, 0.0, 0.0, 0.0, 2.0, 1.0]
[0.2222222222222222, 0.0, 0.0, 0.0, 0.0, 0.0, 1.0, 1.0]
[0.33333333333333326, 0.0, 0.0, 0.0, 0.0, 0.0, 1.0, 1.0]
[0.33333333333333326, 0.0, 0.0, 0.0, 0.0, 0.0, 3.0, 1.0]
[0.5555555555555556, 0.0, 0.2222222222222222, 0.0, 0.0, 0.0, 1.0, 1.0]
[0.33333333333333326, 0.0, 0.0, 0.0, 0.0, 0.0, 2.0, 1.0]
[0.6666666666666665, 0.33333333333333326, 0.33333333333333326, 0.0, 0.0, 0.0, 6.0, 9.0]
[0.33333333333333326, 0.1111111111111111, 0.1111111111111111, 0.0, 0.0, 0.0, 2.0, 1.0]
[0.0, 0.0, 0.0, 0.0, 0.0, 0.0, 3.0, 1.0]
[0.2222222222222222, 0.0, 0.0, 0.0, 0.0, 0.0, 2.0, 1.0]
[0.1111111111111111, 0.0, 0.0, 0.0, 0.0, 0.0, 2.0, 1.0]
[0.0, 0.0, 0.2222222222222222, 0.0, 0.0, 0.0, 3.0, 1.0]
[0.4444444444444444, 0.0, 0.0, 0.0, 0.0, 0.0, 3.0, 1.0]
[0.4444444444444444, 0.0, 0.1111111111111111, 0.0, 0.0, 0.0, 3.0, 1.0]
[0.33333333333333326, 0.0, 0.0, 0.0, 0.0, 0.0, 2.0, 1.0]
[0.5555555555555556, 0.0, 0.0, 0.0, 0.0, 0.0, 2.0, 1.0]
[0.4444444444444444, 0.0, 0.0, 0.0, 0.0, 0.0, 2.0, 1.0]
[0.2222222222222222, 0.0, 0.0, 0.0, 0.0, 0.0, 1.0, 1.0]
[0.4444444444444444, 0.2222222222222222, 0.0, 0.0, 0.0, 0.0, 1.0, 1.0]
[0.33333333333333326, 0.0, 0.0, 0.0, 0.0, 0.0, 2.0, 1.0]
[0.1111111111111111, 0.0, 0.2222222222222222, 0.0, 0.0, 0.0, 2.0, 1.0]
[0.4444444444444444, 0.0, 0.0, 0.0, 0.0, 0.0, 2.0, 1.0]
[0.5555555555555556, 1.0, 1.0, 1.0, 0.0, 0.0, 7.0, 10.0]
[0.1111111111111111, 0.0, 0.0, 0.0, 0.0, 0.0, 1.0, 1.0]
[0.2222222222222222, 0.0, 0.0, 0.0, 0.0, 0.0, 1.0, 1.0]
[0.6666666666666665, 0.7777777777777779, 0.2222222222222222, 1.0, 0.0, 0.0, 7.0, 8.0]
[0.2222222222222222, 0.0, 0.0, 0.0, 0.0, 0.0, 2.0, 1.0]
[0.0, 0.0, 0.0, 0.0, 0.0, 0.0, 3.0, 1.0]
[0.2222222222222222, 0.1111111111111111, 0.1111111111111111, 0.0, 0.0, 0.0, 4.0, 2.0]
[0.33333333333333326, 0.33333333333333326, 0.1111111111111111, 0.0, 0.0, 0.0, 2.0, 1.0]
[0.2222222222222222, 0.0, 0.0, 0.0, 0.0, 0.0, 1.0, 1.0]
[0.33333333333333326, 0.2222222222222222, 0.0, 0.0, 0.0, 0.0, 4.0, 8.0]
[0.4444444444444444, 0.1111111111111111, 0.1111111111111111, 0.0, 0.0, 0.0, 2.0, 1.0]
[0.4444444444444444, 0.0, 0.0, 0.0, 0.0, 0.0, 1.0, 1.0]
[0.1111111111111111, 0.0, 0.0, 0.0, 0.0, 0.0, 2.0, 1.0]
[0.4444444444444444, 0.0, 0.0, 0.0, 0.0, 0.0, 2.0, 1.0]
[0.4444444444444444, 0.0, 0.0, 0.0, 0.0, 0.0, 3.0, 1.0, 1.0]
[0.4444444444444444, 0.0, 0.0, 0.0, 0.0, 0.0, 3.0, 1.0, 1.0]
[0.0, 0.0, 0.0, 0.0, 0.0, 0.0, 3.0, 1.0, 1.0]
[0.2222222222222222, 0.0, 0.0, 0.0, 0.0, 0.0, 2.0, 1.0, 1.0]
[0.33333333333333326, 0.0, 0.0, 0.0, 0.0, 0.0, 3.0, 2.0, 1.0]
[0.4444444444444444, 0.6666666666666665, 1.0, 1.0, 0.0, 0.0, 10.0, 10.0, 1.0]
[0.2222222222222222, 0.0, 0.1111111111111111, 0.0, 0.0, 0.0, 3.0, 1.0, 1.0]
[0.33333333333333326, 0.0, 0.0, 0.0, 0.0, 0.0, 2.0, 1.0, 1.0]
[0.7777777777777779, 0.33333333333333326, 0.33333333333333326, 0.0, 1.0, 0.0, 2.0, 5.0, 2.0]
[1.0, 1.0, 0.7777777777777779, 1.0, 1.0, 0.0, 10.0, 3.0, 1.0]
[0.7777777777777779, 1.0, 0.33333333333333326, 0.0, 1.0, 0.0, 8.0, 2.0, 1.0]
[0.6666666666666665, 0.5555555555555556, 1.0, 0.0, 0.0, 0.0, 9.0, 10.0, 2.0]
[0.2222222222222222, 0.0, 0.0, 0.0, 0.0, 0.0, 2.0, 1.0, 1.0]
[0.0, 0.0, 0.0, 0.0, 0.0, 0.0, 2.0, 1.0, 1.0]
[1.0, 0.8888888888888888, 0.6666666666666665, 0.0, 0.0, 0.0, 7.0, 7.0, 1.0]
[0.4444444444444444, 0.0, 0.1111111111111111, 0.0, 0.0, 0.0, 3.0, 1.0, 1.0]
[0.4444444444444444, 0.0, 0.0, 0.0, 0.0, 0.0, 2.0, 1.0, 1.0]
[0.0, 0.0, 0.0, 0.0, 0.0, 0.0, 2.0, 1.0, 1.0]
[0.0, 0.0, 0.0, 0.0, 0.0, 0.0, 2.0, 1.0, 1.0]
[0.0, 0.0, 0.0, 0.0, 0.0, 0.0, 3.0, 1.0, 1.0]
[0.4444444444444444, 0.0, 0.1111111111111111, 0.0, 0.0, 0.0, 2.0, 1.0, 1.0]
[0.4444444444444444, 0.6666666666666665, 1.0, 1.0, 0.0, 0.0, 7.0, 5.0, 1.0]
[0.5555555555555556, 1.0, 0.4444444444444444, 0.0, 0.0, 0.0, 6.0, 10.0, 1.0]
[0.2222222222222222, 0.0, 0.0, 0.0, 0.0, 0.0, 1.0, 1.0, 1.0]
[0.4444444444444444, 0.0, 0.0, 1.0, 0.0, 0.0, 1.0, 1.0, 1.0]
[0.0, 0.0, 0.0, 0.0, 0.0, 0.0, 1.0, 1.0, 1.0]
[0.7777777777777779, 1.0, 1.0, 1.0, 1.0, 0.0, 10.0, 10.0, 1.0]
[0.4444444444444444, 0.0, 0.0, 0.0, 0.0, 0.0, 2.0, 2.0, 1.0]
[0.8888888888888888, 0.7777777777777779, 0.7777777777777779, 1.0, 1.0, 0.0, 4.0, 1.0, 1.0]
[0.4444444444444444, 0.0, 0.0, 0.0, 0.0, 0.0, 1.0, 1.0, 1.0]
[0.33333333333333326, 1.0, 0.7777777777777779, 0.0, 0.0, 0.0, 10.0, 1.0, 1.0]
[0.1111111111111111, 0.4444444444444444, 0.6666666666666665, 1.0, 0.0, 0.0, 7.0, 6.0, 1.0]
[1.0, 0.2222222222222222, 0.33333333333333326, 0.0, 0.0, 0.0, 4.0, 1.0, 1.0]
[0.4444444444444444, 0.0, 0.1111111111111111, 0.0, 0.0, 0.0, 1.0, 1.0, 1.0]
[0.33333333333333326, 0.7777777777777779, 0.5555555555555556, 0.0, 0.0, 0.0, 7.0, 1.0, 1.0]
[0.4444444444444444, 0.0, 0.0, 0.0, 0.0, 0.0, 2.0, 1.0, 1.0]
[0.33333333333333326, 0.0, 0.1111111111111111, 0.0, 0.0, 0.0, 2.0, 1.0, 1.0]
[0.4444444444444444, 0.0, 0.2222222222222222, 0.0, 0.0, 0.0, 3.0, 1.0, 1.0]
[0.2222222222222222, 0.0, 0.0, 0.0, 0.0, 0.0, 2.0, 1.0, 1.0]
[0.4444444444444444, 0.1111111111111111, 0.33333333333333326, 0.0, 0.0, 0.0, 1.0, 1.0, 1.0]
[0.2222222222222222, 0.0, 0.0, 0.0, 0.0, 0.0, 2.0, 1.0, 1.0]
[0.0, 0.0, 0.0, 0.0, 0.0, 0.0, 2.0, 1.0, 1.0]
[0.33333333333333326, 0.0, 0.0, 0.0, 0.0, 0.0, 2.0, 1.0, 1.0]
[0.4444444444444444, 0.33333333333333326, 0.5555555555555556, 1.0, 0.0, 0.0, 8.0, 10.0, 1.0]
[0.4444444444444444, 0.2222222222222222, 0.1111111111111111, 1.0, 0.0, 0.0, 8.0, 1.0, 2.0]
[1.0, 0.4444444444444444, 1.0, 0.0, 0.0, 0.0, 7.0, 8.0, 3.0]
[0.33333333333333326, 0.0, 0.0, 0.0, 0.0, 0.0, 1.0, 1.0, 1.0]
[0.0, 0.0, 0.0, 0.0, 0.0, 0.0, 1.0, 1.0, 1.0]
[0.4444444444444444, 1.0, 1.0, 1.0, 1.0, 0.0, 10.0, 1.0, 1.0]
[0.4444444444444444, 0.0, 0.0, 0.0, 0.0, 0.0, 1.0, 1.0, 1.0]
[1.0, 0.33333333333333326, 0.2222222222222222, 1.0, 0.0, 0.0, 7.0, 1.0, 2.0]
[0.4444444444444444, 1.0, 1.0, 1.0, 0.0, 0.0, 8.0, 5.0, 1.0]
[0.7777777777777779, 1.0, 1.0, 1.0, 1.0, 0.0, 10.0, 10.0, 10.0]
[0.1111111111111111, 0.2222222222222222, 0.0, 0.0, 0.0, 0.0, 2.0, 1.0, 1.0]
[0.1111111111111111, 0.0, 0.0, 0.0, 0.0, 0.0, 2.0, 1.0, 1.0]
[0.33333333333333326, 0.0, 0.2222222222222222, 0.0, 0.0, 0.0, 2.0, 1.0, 1.0]
[0.2222222222222222, 0.0, 0.0, 0.0, 0.0, 0.0, 2.0, 1.0, 1.0]
[0.0, 0.0, 0.0, 0.0, 0.0, 0.0, 1.0, 1.0, 1.0]
[0.33333333333333326, 0.0, 0.0, 0.0, 0.0, 0.0, 2.0, 1.0, 1.0]
[0.4444444444444444, 0.0, 0.0, 0.0, 0.0, 0.0, 2.0, 1.0, 1.0]
[0.2222222222222222, 0.0, 0.0, 0.0, 0.0, 0.0, 2.0, 1.0, 1.0]
[0.5555555555555556, 0.2222222222222222, 0.2222222222222222, 0.0, 0.0, 0.0, 6.0, 1.0, 1.0]
[0.6666666666666665, 0.0, 0.1111111111111111, 0.0, 0.0, 0.0, 2.0, 1.0, 1.0]
[0.0, 0.0, 0.0, 0.0, 0.0, 0.0, 1.0, 1.0, 1.0]
[0.4444444444444444, 0.0, 0.0, 0.0, 0.0, 0.0, 2.0, 1.0, 1.0]
[0.2222222222222222, 0.0, 0.2222222222222222, 0.0, 0.0, 0.0, 1.0, 1.0, 1.0]
[0.33333333333333326, 0.5555555555555556, 0.5555555555555556, 0.0, 1.0, 0.0, 7.0, 7.0, 3.0]
[0.1111111111111111, 0.0, 0.0, 0.0, 0.0, 0.0, 1.0, 1.0, 1.0]
[0.1111111111111111, 0.0, 0.0, 0.0, 0.0, 0.0, 1.0, 1.0, 1.0]
[0.33333333333333326, 0.0, 0.0, 0.0, 0.0, 0.0, 1.0, 1.0, 1.0]
[0.5555555555555556, 0.1111111111111111, 0.2222222222222222, 0.0, 0.0, 0.0, 1.0, 1.0, 1.0]
[0.4444444444444444, 0.0, 0.0, 0.0, 0.0, 0.0, 2.0, 1.0, 1.0]
[0.0, 0.0, 0.0, 0.0, 0.0, 0.0, 1.0, 1.0, 1.0]
[0.7777777777777779, 0.6666666666666665, 0.33333333333333326, 0.0, 0.0, 0.0, 5.0, 10.0, 1.0]
[0.2222222222222222, 0.0, 0.0, 0.0, 0.0, 0.0, 1.0, 1.0, 1.0]
[0.2222222222222222, 0.0, 0.33333333333333326, 0.0, 0.0, 0.0, 1.0, 1.0, 1.0]
[1.0, 1.0, 0.6666666666666665, 1.0, 1.0, 0.0, 10.0, 10.0, 3.0]
[0.33333333333333326, 0.1111111111111111, 0.33333333333333326, 0.0, 0.0, 0.0, 2.0, 1.0, 1.0]
[0.33333333333333326, 0.0, 0.0, 0.0, 0.0, 0.0, 1.0, 1.0, 1.0]
[0.4444444444444444, 0.0, 0.0, 0.0, 0.0, 0.0, 1.0, 1.0, 1.0]
[0.33333333333333326, 0.0, 0.0, 0.0, 0.0, 0.0, 1.0, 1.0, 1.0]
[0.2222222222222222, 0.0, 0.0, 0.0, 0.0, 0.0, 2.0, 1.0, 1.0]
[0.2222222222222222, 0.0, 0.0, 0.0, 0.0, 0.0, 2.0, 1.0, 1.0]
[0.0, 0.0, 0.0, 0.0, 0.0, 0.0, 1.0, 1.0, 1.0]
[0.1111111111111111, 0.0, 0.0, 0.0, 0.0, 0.0, 1.0, 1.0, 1.0]
[0.2222222222222222, 0.0, 0.0, 0.0, 0.0, 0.0, 2.0, 1.0, 1.0]
[0.0, 0.1111111111111111, 0.1111111111111111, 0.0, 0.0, 0.0, 1.0, 1.0, 1.0]
[0.0, 0.0, 0.0, 0.0, 0.0, 0.0, 1.0, 1.0, 1.0]
[0.4444444444444444, 1.0, 1.0, 1.0, 1.0, 0.0, 10.0, 10.0, 10.0]
[0.2222222222222222, 0.0, 0.0, 0.0, 0.0, 0.0, 2.0, 1.0, 1.0]
[0.2222222222222222, 0.0, 0.0, 0.0, 0.0, 0.0, 1.0, 1.0, 1.0]
[0.0, 0.1111111111111111, 0.0, 0.0, 0.0, 0.0, 2.0, 1.0, 1.0]
[0.4444444444444444, 0.0, 0.0, 0.0, 0.0, 0.0, 2.0, 2.0, 1.0]
[0.33333333333333326, 0.0, 0.0, 0.0, 0.0, 0.0, 2.0, 1.0, 1.0]
[0.2222222222222222, 0.0, 0.0, 0.0, 0.0, 0.0, 3.0, 1.0, 1.0]
[0.2222222222222222, 0.0, 0.0, 0.0, 0.0, 0.0, 2.0, 1.0, 1.0]
[0.4444444444444444, 0.0, 0.0, 0.0, 0.0, 0.0, 2.0, 1.0, 1.0]
[0.4444444444444444, 0.33333333333333326, 0.4444444444444444, 0.0, 1.0, 0.0, 3.0, 6.0, 1.0]
[0.6666666666666665, 0.7777777777777779, 0.7777777777777779, 1.0, 0.0, 0.0, 7.0, 2.0, 3.0]
[0.0, 0.0, 0.0, 0.0, 0.0, 0.0, 1.0, 1.0, 1.0]
[0.0, 0.0, 0.0, 0.0, 0.0, 0.0, 2.0, 1.0, 1.0]
[0.33333333333333326, 0.0, 0.0, 0.0, 0.0, 0.0, 3.0, 1.0, 1.0]
[0.0, 0.0, 0.2222222222222222, 0.0, 0.0, 0.0, 2.0, 1.0, 1.0]
[0.0, 0.0, 0.2222222222222222, 0.0, 0.0, 0.0, 2.0, 1.0, 1.0]
[0.2222222222222222, 0.0, 0.0, 0.0, 0.0, 0.0, 2.0, 1.0, 1.0]
[0.0, 0.0, 0.0, 0.0, 0.0, 0.0, 1.0, 1.0, 1.0]
[0.4444444444444444, 0.1111111111111111, 0.1111111111111111, 0.0, 0.0, 0.0, 1.0, 1.0, 2.0]
[0.2222222222222222, 0.0, 0.0, 0.0, 0.0, 0.0, 3.0, 1.0, 1.0]
[0.4444444444444444, 0.6666666666666665, 0.33333333333333326, 0.0, 1.0, 0.0, 7.0, 10.0, 3.0]
[0.4444444444444444, 1.0, 1.0, 1.0, 0.0, 0.0, 7.0, 10.0, 1.0]
[0.2222222222222222, 1.0, 0.6666666666666665, 1.0, 0.0, 0.0, 7.0, 4.0, 1.0]
[0.2222222222222222, 0.1111111111111111, 0.0, 0.0, 0.0, 0.0, 3.0, 1.0, 1.0]
[0.1111111111111111, 0.0, 0.0, 0.0, 0.0, 0.0, 3.0, 1.0, 1.0]
[0.4444444444444444, 0.2222222222222222, 0.1111111111111111, 0.0, 0.0, 0.0, 1.0, 1.0, 1.0]
[0.0, 0.0, 0.0, 0.0, 0.0, 0.0, 2.0, 1.0, 1.0]
[0.33333333333333326, 0.0, 0.33333333333333326, 0.0, 0.0, 0.0, 1.0, 1.0, 1.0]
[0.0, 0.0, 0.1111111111111111, 0.0, 0.0, 0.0, 2.0, 1.0, 1.0]
[0.4444444444444444, 0.0, 0.0, 0.0, 0.0, 0.0, 1.0, 1.0, 1.0]
[0.0, 0.0, 0.0, 0.0, 0.0, 0.0, 1.0, 1.0, 1.0]
[0.1111111111111111, 0.0, 0.0, 0.0, 0.0, 0.0, 1.0, 1.0, 1.0]
[1.0, 1.0, 1.0, 1.0, 0.0, 0.0, 10.0, 10.0, 7.0]
[0.4444444444444444, 1.0, 1.0, 1.0, 0.0, 0.0, 5.0, 6.0, 3.0]
[0.4444444444444444, 0.0, 0.0, 0.0, 0.0, 0.0, 3.0, 2.0, 1.0]
[0.0, 0.0, 0.0, 0.0, 0.0, 0.0, 1.0, 1.0, 1.0]
[0.0, 0.0, 0.0, 0.0, 0.0, 0.0, 1.0, 1.0, 1.0]
[0.0, 0.0, 0.0, 0.0, 0.0, 0.0, 1.0, 1.0, 1.0]
[0.0, 0.0, 0.0, 0.0, 0.0, 0.0, 1.0, 1.0, 1.0]
[0.2222222222222222, 0.0, 0.0, 0.0, 0.0, 0.0, 2.0, 3.0, 1.0]
[0.33333333333333326, 0.0, 0.0, 0.0, 0.0, 0.0, 1.0, 1.0, 1.0]
[0.0, 0.0, 0.0, 0.0, 0.0, 0.0, 1.0, 1.0, 8.0]
[0.0, 0.0, 0.0, 0.0, 0.0, 0.0, 1.0, 1.0, 1.0]
[0.4444444444444444, 1.0, 1.0, 0.0, 0.0, 0.0, 4.0, 4.0, 1.0]
[0.2222222222222222, 0.0, 0.0, 0.0, 0.0, 0.0, 1.0, 1.0, 1.0]
[0.2222222222222222, 0.0, 0.0, 0.0, 0.0, 0.0, 2.0, 1.0, 2.0]
[0.2222222222222222, 0.0, 0.0, 0.0, 0.0, 0.0, 1.0, 1.0, 1.0]
[0.1111111111111111, 0.0, 0.0, 0.0, 0.0, 0.0, 1.0, 1.0, 1.0]
[0.4444444444444444, 1.0, 1.0, 0.0, 1.0, 0.0, 8.0, 10.0, 2.0]
[0.33333333333333326, 0.7777777777777779, 0.5555555555555556, 0.0, 0.0, 0.0, 10.0, 6.0, 1.0]
[0.33333333333333326, 0.7777777777777779, 0.7777777777777779, 0.0, 0.0, 0.0, 10.0, 4.0, 1.0]
